~o <VecSize> 15 <MFCC>
~h "Activity3"
<BeginHMM>
  <NumStates> 8
  <State> 2
      <NumMixes> 2
      <Mixture> 1 0.5
        <Mean> 15
          0.0 0.0 0.0 0.0 0.0 0.0 0.0 0.0 0.0 0.0 0.0 0.0 0.0 0.0 0.0
        <Variance> 15
          1.0 1.0 1.0 1.0 1.0 1.0 1.0 1.0 1.0 1.0 1.0 1.0 1.0 1.0 1.0
      <Mixture> 2 0.5
        <Mean> 15
          0.0 0.0 0.0 0.0 0.0 0.0 0.0 0.0 0.0 0.0 0.0 0.0 0.0 0.0 0.0
        <Variance> 15
          1.0 1.0 1.0 1.0 1.0 1.0 1.0 1.0 1.0 1.0 1.0 1.0 1.0 1.0 1.0
  <State> 3
      <NumMixes> 2
      <Mixture> 1 0.5
        <Mean> 15
          0.0 0.0 0.0 0.0 0.0 0.0 0.0 0.0 0.0 0.0 0.0 0.0 0.0 0.0 0.0
        <Variance> 15
          1.0 1.0 1.0 1.0 1.0 1.0 1.0 1.0 1.0 1.0 1.0 1.0 1.0 1.0 1.0
      <Mixture> 2 0.5
        <Mean> 15
          0.0 0.0 0.0 0.0 0.0 0.0 0.0 0.0 0.0 0.0 0.0 0.0 0.0 0.0 0.0
        <Variance> 15
          1.0 1.0 1.0 1.0 1.0 1.0 1.0 1.0 1.0 1.0 1.0 1.0 1.0 1.0 1.0
  <State> 4
      <NumMixes> 2
      <Mixture> 1 0.5
        <Mean> 15
          0.0 0.0 0.0 0.0 0.0 0.0 0.0 0.0 0.0 0.0 0.0 0.0 0.0 0.0 0.0
        <Variance> 15
          1.0 1.0 1.0 1.0 1.0 1.0 1.0 1.0 1.0 1.0 1.0 1.0 1.0 1.0 1.0
      <Mixture> 2 0.5
        <Mean> 15
          0.0 0.0 0.0 0.0 0.0 0.0 0.0 0.0 0.0 0.0 0.0 0.0 0.0 0.0 0.0
        <Variance> 15
          1.0 1.0 1.0 1.0 1.0 1.0 1.0 1.0 1.0 1.0 1.0 1.0 1.0 1.0 1.0
  <State> 5
      <NumMixes> 2
      <Mixture> 1 0.5
        <Mean> 15
          0.0 0.0 0.0 0.0 0.0 0.0 0.0 0.0 0.0 0.0 0.0 0.0 0.0 0.0 0.0
        <Variance> 15
          1.0 1.0 1.0 1.0 1.0 1.0 1.0 1.0 1.0 1.0 1.0 1.0 1.0 1.0 1.0
      <Mixture> 2 0.5
        <Mean> 15
          0.0 0.0 0.0 0.0 0.0 0.0 0.0 0.0 0.0 0.0 0.0 0.0 0.0 0.0 0.0
        <Variance> 15
          1.0 1.0 1.0 1.0 1.0 1.0 1.0 1.0 1.0 1.0 1.0 1.0 1.0 1.0 1.0
  <State> 6
      <NumMixes> 2
      <Mixture> 1 0.5
        <Mean> 15
          0.0 0.0 0.0 0.0 0.0 0.0 0.0 0.0 0.0 0.0 0.0 0.0 0.0 0.0 0.0
        <Variance> 15
          1.0 1.0 1.0 1.0 1.0 1.0 1.0 1.0 1.0 1.0 1.0 1.0 1.0 1.0 1.0
      <Mixture> 2 0.5
        <Mean> 15
          0.0 0.0 0.0 0.0 0.0 0.0 0.0 0.0 0.0 0.0 0.0 0.0 0.0 0.0 0.0
        <Variance> 15
          1.0 1.0 1.0 1.0 1.0 1.0 1.0 1.0 1.0 1.0 1.0 1.0 1.0 1.0 1.0
  <State> 7
      <NumMixes> 2
      <Mixture> 1 0.5
        <Mean> 15
          0.0 0.0 0.0 0.0 0.0 0.0 0.0 0.0 0.0 0.0 0.0 0.0 0.0 0.0 0.0
        <Variance> 15
          1.0 1.0 1.0 1.0 1.0 1.0 1.0 1.0 1.0 1.0 1.0 1.0 1.0 1.0 1.0
      <Mixture> 2 0.5
        <Mean> 15
          0.0 0.0 0.0 0.0 0.0 0.0 0.0 0.0 0.0 0.0 0.0 0.0 0.0 0.0 0.0
        <Variance> 15
          1.0 1.0 1.0 1.0 1.0 1.0 1.0 1.0 1.0 1.0 1.0 1.0 1.0 1.0 1.0
  <TransP> 8
  0.0 0.5 0.5 0.0 0.0 0.0 0.0 0.0
  0.0 0.33 0.33 0.34 0.0 0.0 0.0 0.0
  0.0 0.0 0.33 0.33 0.34 0.0 0.0 0.0
  0.0 0.0 0.0 0.33 0.33 0.34 0.0 0.0
  0.0 0.0 0.0 0.0 0.33 0.33 0.34 0.0
  0.0 0.0 0.0 0.0 0.0 0.33 0.33 0.34
  0.0 0.0 0.0 0.0 0.0 0.0 0.5 0.5
  0.0 0.0 0.0 0.0 0.0 0.0 0.0 0.0
<EndHMM>
