~o <VecSize> 12 <MFCC>
~h "Activity105"
<BeginHMM>
  <NumStates> 7
  <State> 2
    <NumMixes> 2
    <Mixture> 1 0.5
      <Mean> 12
        0.0 0.0 0.0 0.0 0.0 0.0 0.0 0.0 0.0 0.0 0.0 0.0
      <Variance> 12
        1.0 1.0 1.0 1.0 1.0 1.0 1.0 1.0 1.0 1.0 1.0 1.0
    <Mixture> 2 0.5
      <Mean> 12
        0.0 0.0 0.0 0.0 0.0 0.0 0.0 0.0 0.0 0.0 0.0 0.0
      <Variance> 12
        1.0 1.0 1.0 1.0 1.0 1.0 1.0 1.0 1.0 1.0 1.0 1.0
  <State> 3
    <NumMixes> 2
    <Mixture> 1 0.5
      <Mean> 12
        0.0 0.0 0.0 0.0 0.0 0.0 0.0 0.0 0.0 0.0 0.0 0.0
      <Variance> 12
        1.0 1.0 1.0 1.0 1.0 1.0 1.0 1.0 1.0 1.0 1.0 1.0
    <Mixture> 2 0.5
      <Mean> 12
        0.0 0.0 0.0 0.0 0.0 0.0 0.0 0.0 0.0 0.0 0.0 0.0
      <Variance> 12
        1.0 1.0 1.0 1.0 1.0 1.0 1.0 1.0 1.0 1.0 1.0 1.0
  <State> 4
    <NumMixes> 2
    <Mixture> 1 0.5
      <Mean> 12
        0.0 0.0 0.0 0.0 0.0 0.0 0.0 0.0 0.0 0.0 0.0 0.0
      <Variance> 12
        1.0 1.0 1.0 1.0 1.0 1.0 1.0 1.0 1.0 1.0 1.0 1.0
    <Mixture> 2 0.5
      <Mean> 12
        0.0 0.0 0.0 0.0 0.0 0.0 0.0 0.0 0.0 0.0 0.0 0.0
      <Variance> 12
        1.0 1.0 1.0 1.0 1.0 1.0 1.0 1.0 1.0 1.0 1.0 1.0
  <State> 5
    <NumMixes> 2
    <Mixture> 1 0.5
      <Mean> 12
        0.0 0.0 0.0 0.0 0.0 0.0 0.0 0.0 0.0 0.0 0.0 0.0
      <Variance> 12
        1.0 1.0 1.0 1.0 1.0 1.0 1.0 1.0 1.0 1.0 1.0 1.0
    <Mixture> 2 0.5
      <Mean> 12
        0.0 0.0 0.0 0.0 0.0 0.0 0.0 0.0 0.0 0.0 0.0 0.0
      <Variance> 12
        1.0 1.0 1.0 1.0 1.0 1.0 1.0 1.0 1.0 1.0 1.0 1.0
  <State> 6
    <NumMixes> 2
    <Mixture> 1 0.5
      <Mean> 12
        0.0 0.0 0.0 0.0 0.0 0.0 0.0 0.0 0.0 0.0 0.0 0.0
      <Variance> 12
        1.0 1.0 1.0 1.0 1.0 1.0 1.0 1.0 1.0 1.0 1.0 1.0
    <Mixture> 2 0.5
      <Mean> 12
        0.0 0.0 0.0 0.0 0.0 0.0 0.0 0.0 0.0 0.0 0.0 0.0
      <Variance> 12
        1.0 1.0 1.0 1.0 1.0 1.0 1.0 1.0 1.0 1.0 1.0 1.0
  <TransP> 7
  0.0 0.5 0.5 0.0 0.0 0.0 0.0
  0.0 0.33 0.33 0.34 0.0 0.0 0.0
  0.0 0.0 0.33 0.33 0.34 0.0 0.0
  0.0 0.0 0.0 0.33 0.33 0.34 0.0
  0.0 0.0 0.0 0.0 0.33 0.33 0.34
  0.0 0.0 0.0 0.0 0.0 0.5 0.5
  0.0 0.0 0.0 0.0 0.0 0.0 0.0
<EndHMM>
