~o <VecSize> 15 <MFCC>
~h "Activity1"
<BeginHMM>
  <NumStates> 8
  <State> 2
    <NumMixes> 3
    <Mixture> 1 0.33
      <Mean> 15
        0.0 0.0 0.0 0.0 0.0 0.0 0.0 0.0 0.0 0.0 0.0 0.0 0.0 0.0 0.0
      <Variance> 15
        1.0 1.0 1.0 1.0 1.0 1.0 1.0 1.0 1.0 1.0 1.0 1.0 1.0 1.0 1.0
    <Mixture> 2 0.33
      <Mean> 15
        0.0 0.0 0.0 0.0 0.0 0.0 0.0 0.0 0.0 0.0 0.0 0.0 0.0 0.0 0.0
      <Variance> 15
        1.0 1.0 1.0 1.0 1.0 1.0 1.0 1.0 1.0 1.0 1.0 1.0 1.0 1.0 1.0
    <Mixture> 3 0.34
      <Mean> 15
        0.0 0.0 0.0 0.0 0.0 0.0 0.0 0.0 0.0 0.0 0.0 0.0 0.0 0.0 0.0
      <Variance> 15
        1.0 1.0 1.0 1.0 1.0 1.0 1.0 1.0 1.0 1.0 1.0 1.0 1.0 1.0 1.0
  <State> 3
    <NumMixes> 3
    <Mixture> 1 0.33
      <Mean> 15
        0.0 0.0 0.0 0.0 0.0 0.0 0.0 0.0 0.0 0.0 0.0 0.0 0.0 0.0 0.0
      <Variance> 15
        1.0 1.0 1.0 1.0 1.0 1.0 1.0 1.0 1.0 1.0 1.0 1.0 1.0 1.0 1.0
    <Mixture> 2 0.33
      <Mean> 15
        0.0 0.0 0.0 0.0 0.0 0.0 0.0 0.0 0.0 0.0 0.0 0.0 0.0 0.0 0.0
      <Variance> 15
        1.0 1.0 1.0 1.0 1.0 1.0 1.0 1.0 1.0 1.0 1.0 1.0 1.0 1.0 1.0
    <Mixture> 3 0.34
      <Mean> 15
        0.0 0.0 0.0 0.0 0.0 0.0 0.0 0.0 0.0 0.0 0.0 0.0 0.0 0.0 0.0
      <Variance> 15
        1.0 1.0 1.0 1.0 1.0 1.0 1.0 1.0 1.0 1.0 1.0 1.0 1.0 1.0 1.0
  <State> 4
    <NumMixes> 3
    <Mixture> 1 0.33
      <Mean> 15
        0.0 0.0 0.0 0.0 0.0 0.0 0.0 0.0 0.0 0.0 0.0 0.0 0.0 0.0 0.0
      <Variance> 15
        1.0 1.0 1.0 1.0 1.0 1.0 1.0 1.0 1.0 1.0 1.0 1.0 1.0 1.0 1.0
    <Mixture> 2 0.33
      <Mean> 15
        0.0 0.0 0.0 0.0 0.0 0.0 0.0 0.0 0.0 0.0 0.0 0.0 0.0 0.0 0.0
      <Variance> 15
        1.0 1.0 1.0 1.0 1.0 1.0 1.0 1.0 1.0 1.0 1.0 1.0 1.0 1.0 1.0
    <Mixture> 3 0.34
      <Mean> 15
        0.0 0.0 0.0 0.0 0.0 0.0 0.0 0.0 0.0 0.0 0.0 0.0 0.0 0.0 0.0
      <Variance> 15
        1.0 1.0 1.0 1.0 1.0 1.0 1.0 1.0 1.0 1.0 1.0 1.0 1.0 1.0 1.0
  <State> 5
    <NumMixes> 3
    <Mixture> 1 0.33
      <Mean> 15
        0.0 0.0 0.0 0.0 0.0 0.0 0.0 0.0 0.0 0.0 0.0 0.0 0.0 0.0 0.0
      <Variance> 15
        1.0 1.0 1.0 1.0 1.0 1.0 1.0 1.0 1.0 1.0 1.0 1.0 1.0 1.0 1.0
    <Mixture> 2 0.33
      <Mean> 15
        0.0 0.0 0.0 0.0 0.0 0.0 0.0 0.0 0.0 0.0 0.0 0.0 0.0 0.0 0.0
      <Variance> 15
        1.0 1.0 1.0 1.0 1.0 1.0 1.0 1.0 1.0 1.0 1.0 1.0 1.0 1.0 1.0
    <Mixture> 3 0.34
      <Mean> 15
        0.0 0.0 0.0 0.0 0.0 0.0 0.0 0.0 0.0 0.0 0.0 0.0 0.0 0.0 0.0
      <Variance> 15
        1.0 1.0 1.0 1.0 1.0 1.0 1.0 1.0 1.0 1.0 1.0 1.0 1.0 1.0 1.0
  <State> 6
    <NumMixes> 3
    <Mixture> 1 0.33
      <Mean> 15
        0.0 0.0 0.0 0.0 0.0 0.0 0.0 0.0 0.0 0.0 0.0 0.0 0.0 0.0 0.0
      <Variance> 15
        1.0 1.0 1.0 1.0 1.0 1.0 1.0 1.0 1.0 1.0 1.0 1.0 1.0 1.0 1.0
    <Mixture> 2 0.33
      <Mean> 15
        0.0 0.0 0.0 0.0 0.0 0.0 0.0 0.0 0.0 0.0 0.0 0.0 0.0 0.0 0.0
      <Variance> 15
        1.0 1.0 1.0 1.0 1.0 1.0 1.0 1.0 1.0 1.0 1.0 1.0 1.0 1.0 1.0
    <Mixture> 3 0.34
      <Mean> 15
        0.0 0.0 0.0 0.0 0.0 0.0 0.0 0.0 0.0 0.0 0.0 0.0 0.0 0.0 0.0
      <Variance> 15
        1.0 1.0 1.0 1.0 1.0 1.0 1.0 1.0 1.0 1.0 1.0 1.0 1.0 1.0 1.0
  <State> 7
    <NumMixes> 3
    <Mixture> 1 0.33
      <Mean> 15
        0.0 0.0 0.0 0.0 0.0 0.0 0.0 0.0 0.0 0.0 0.0 0.0 0.0 0.0 0.0
      <Variance> 15
        1.0 1.0 1.0 1.0 1.0 1.0 1.0 1.0 1.0 1.0 1.0 1.0 1.0 1.0 1.0
    <Mixture> 2 0.33
      <Mean> 15
        0.0 0.0 0.0 0.0 0.0 0.0 0.0 0.0 0.0 0.0 0.0 0.0 0.0 0.0 0.0
      <Variance> 15
        1.0 1.0 1.0 1.0 1.0 1.0 1.0 1.0 1.0 1.0 1.0 1.0 1.0 1.0 1.0
    <Mixture> 3 0.34
      <Mean> 15
        0.0 0.0 0.0 0.0 0.0 0.0 0.0 0.0 0.0 0.0 0.0 0.0 0.0 0.0 0.0
      <Variance> 15
        1.0 1.0 1.0 1.0 1.0 1.0 1.0 1.0 1.0 1.0 1.0 1.0 1.0 1.0 1.0
  <TransP> 8
  0.0 1.0 0.0 0.0 0.0 0.0 0.0 0.0
  0.0 0.5 0.5 0.0 0.0 0.0 0.0 0.0
  0.0 0.0 0.5 0.5 0.0 0.0 0.0 0.0
  0.0 0.0 0.0 0.5 0.5 0.0 0.0 0.0
  0.0 0.0 0.0 0.0 0.5 0.5 0.0 0.0
  0.0 0.0 0.0 0.0 0.0 0.5 0.5 0.0
  0.0 0.0 0.0 0.0 0.0 0.0 0.5 0.5
  0.0 0.0 0.0 0.0 0.0 0.0 0.0 0.0
<EndHMM>
