~o
<STREAMINFO> 1 1
<VECSIZE> 1<NULLD><DISCRETE>
~h "Ascending"
<BEGINHMM>
<NUMSTATES> 5
<STATE> 2
<NUMMIXES> 128
<DPROB>
 32767*3 10301 9932 32767*3 7305 32767 7182 32767*2 7158
 32767 7275 32767*3 7194 32767 7270 32767*2 24909 32767*2
 10198 7270 32767*8 8844 11540 32767*2 8439 32767*5 7270
 32767 10127 7264 32767*3 10077 7318 32767*2 10708 8434
 32767*4 8436 10266 32767*5 9250 32767*5 8816 8823 10170
 32767*10 8812 32767*4 7349 32767*4 9231 32767*6 9970 10145
 9953 9923 7396 24915 32767 7482 32767*13
<STATE> 3
<NUMMIXES> 128
<DPROB>
 8191 8265 32767*4 7842 32767*11 10118 32767*3 10035 32767
 6981 9960 32767*4 12974 7822 8519 9851 32767 9836
 32767*2 7345 32767*6 8206 32767*7 11649 32767*2 9724 8720
 32767*2 5977 32767*6 9326 32767*3 8764 32767 6072 32767*3
 9931 32767*2 8173 32767*10 8208 8249 32767 8736 32767*2
 8219 8892 8832 8771 32767*7 12275 32767*3 6120 6792
 32767*14
<STATE> 4
<NUMMIXES> 128
<DPROB>
 32767*3 9377 10709 10073 32767 8420 32767 8219 32767
 9036 32767*2 8747 32767 9573 32767 11390 32767 10768
 32767 11274 10076 32767 13604 32767 9387 32767 10657
 11306 32767*3 11315 32767 10095 32767*2 10099 32767*3 11565
 9560 32767 10281 32767 9986 9270 32767 10826 9417
 11130 9233 32767*6 8820 10035 10145 32767 9407 10454
 32767*2 9534 8121 32767*3 9996 10082 10592 32767*2 9108
 32767 8869 9670 32767 9797 9555 9392 32767*4 12008
 32767 8801 32767*2 9482 32767*5 12315 9959 32767 10869
 10260 10752 10905 10709 10730 32767*4 9859 8990 9313
 9959 8930 9820 9628 11678 11293 11640 32767*3
<TRANSP> 5
 0.000000e+00 1.000000e+00 0.000000e+00 0.000000e+00 0.000000e+00
 0.000000e+00 9.997808e-01 2.191844e-04 0.000000e+00 0.000000e+00
 0.000000e+00 0.000000e+00 9.997322e-01 2.678465e-04 0.000000e+00
 0.000000e+00 0.000000e+00 0.000000e+00 9.998426e-01 1.574255e-04
 0.000000e+00 0.000000e+00 0.000000e+00 0.000000e+00 0.000000e+00
<ENDHMM>
