~o
<STREAMINFO> 1 1
<VECSIZE> 1<NULLD><DISCRETE>
~h "Descending"
<BEGINHMM>
<NUMSTATES> 5
<STATE> 2
<NUMMIXES> 128
<DPROB>
 9215 9246 32767 10795 8841 32767 10452 32767*3 10355
 32767*2 8667 32767*2 11074 32767*2 10242 32767*6 7854 10731
 32767*3 10522 9465 32767 7755 32767*8 8032 10960 9902
 32767*3 12895 8555 32767*2 7969 10582 32767*3 8136 32767
 10793 32767*4 10770 32767 9090 32767 10923 32767*3 10654
 32767*6 8331 32767 10923 32767*2 10955 32767*3 8058 32767
 10211 9212 32767*2 9393 32767 9228 32767*7 7477 25428
 8819 8447 8804 8843 9694 10576 10389 9018 11314
 11364 11091 32767 11396 32767 16935 8152 7770 8033
 32767*3
<STATE> 3
<NUMMIXES> 128
<DPROB>
 8010 8475 32767 9525 32767*3 9516 32767 6829 32767
 9071 8632 32767 9876 32767 9827 8926 8222 32767
 8325 32767 8173 32767*2 9713 32767 9579 32767 12473
 8180 32767*2 9679 32767 9548 8564 32767*5 8619 32767*6
 9412 32767 10493 8663 32767 10826 32767 9419 32767*4
 9962 32767*3 9511 32767*3 9682 8030 32767*8 9203 11016
 21595 9756 32767*2 9756 32767*5 7988 7967 32767*3 8554
 8086 32767*3 8425 9411 32767*2 24201 6674 32767*8 10027
 32767 12177 32767*10
<STATE> 4
<NUMMIXES> 128
<DPROB>
 32767*2 8859 32767*13 8919 32767 10265 32767 10162 32767
 10273 32767*2 7848 32767*4 10248 32767*2 7470 32767 7367
 32767*4 8807 32767*3 10141 32767 7960 32767*4 7135 32767*4
 7341 32767*5 9127 32767*3 7696 32767 9177 32767*3 8822
 32767*3 7070 32767*4 10337 10141 9281 8881 10624 9248
 8943 9024 32767*4 10366 32767*10 9011 24629 32767*9 8761
 8772 8769 8717 8966 8802 8826 32767*3 7812 8059
 8530
<TRANSP> 5
 0.000000e+00 1.000000e+00 0.000000e+00 0.000000e+00 0.000000e+00
 0.000000e+00 9.998239e-01 1.761253e-04 0.000000e+00 0.000000e+00
 0.000000e+00 0.000000e+00 9.997049e-01 2.951083e-04 0.000000e+00
 0.000000e+00 0.000000e+00 0.000000e+00 9.997530e-01 2.470243e-04
 0.000000e+00 0.000000e+00 0.000000e+00 0.000000e+00 0.000000e+00
<ENDHMM>
