~o
<STREAMINFO> 1 12
<VECSIZE> 12<NULLD><MFCC><DIAGC>
~h "Activity104"
<BEGINHMM>
<NUMSTATES> 7
<STATE> 2
<NUMMIXES> 60
<TMIX> "TM_1_"
 0.000000e+00*3 3.950562e-04 0.000000e+00*2 5.696767e-02 4.887280e-01 0.000000e+00*4 3.845649e-04 0.000000e+00 1.951137e-02 0.000000e+00*3 7.665873e-02 0.000000e+00 6.840970e-05 0.000000e+00 2.507041e-03 0.000000e+00 2.713440e-03 0.000000e+00*3 7.820409e-03 1.419845e-02 0.000000e+00 8.913054e-03 0.000000e+00 6.359209e-03 0.000000e+00 7.826082e-03 0.000000e+00*2 8.299062e-05 2.641901e-01 1.225831e-03 7.822012e-03 1.526908e-02 4.022587e-04 0.000000e+00 1.250835e-03 3.493170e-04 3.640892e-04 6.308128e-03 9.634006e-04 0.000000e+00 1.587945e-03 4.466010e-04 1.999411e-03 3.632098e-03 0.000000e+00 1.054310e-03 0.000000e+00*3
<STATE> 3
<NUMMIXES> 60
<TMIX> "TM_1_"
 0.000000e+00*5 2.165254e-02 0.000000e+00*3 5.196097e-01 0.000000e+00*8 7.026276e-03 0.000000e+00*9 2.899043e-02 0.000000e+00*9 2.721839e-01 0.000000e+00*3 1.862430e-03 0.000000e+00*2 1.483033e-01 0.000000e+00*2 3.712907e-04 0.000000e+00*11
<STATE> 4
<NUMMIXES> 60
<TMIX> "TM_1_"
 0.000000e+00*3 1.444618e-02 0.000000e+00*2 3.940457e-02 3.040583e-02 0.000000e+00*2 1.356039e-02 8.542184e-04 3.745992e-04 0.000000e+00 2.319611e-01 1.833853e-04 1.515257e-03 1.152764e-04 1.575313e-01 8.897953e-03 7.652953e-04 0.000000e+00 2.176544e-02 5.867198e-03 6.684833e-03 6.370220e-03 3.799594e-03 0.000000e+00*2 2.363827e-01 2.107331e-03 1.164400e-03 4.869390e-04 0.000000e+00 5.559500e-04 3.185979e-03 1.049235e-03 0.000000e+00*2 1.767736e-02 1.866378e-04 1.544946e-03 2.232064e-02 4.860050e-04 0.000000e+00 9.643311e-03 4.355200e-03 2.958233e-03 6.653079e-02 4.600431e-03 1.567428e-03 7.798555e-03 1.708559e-02 3.894281e-02 6.963467e-03 8.994982e-05 6.789222e-03 1.024289e-03 0.000000e+00*2
<STATE> 5
<NUMMIXES> 60
<TMIX> "TM_1_"
 0.000000e+00*5 5.399654e-01 0.000000e+00 1.255130e-03 0.000000e+00 6.022022e-02 0.000000e+00*4 2.060120e-04 0.000000e+00*3 1.197968e-02 0.000000e+00*9 2.469393e-01 0.000000e+00*9 3.086758e-02 7.117168e-04 0.000000e+00*2 4.995307e-04 0.000000e+00*2 1.061226e-01 0.000000e+00*2 3.982235e-05 0.000000e+00 5.428947e-05 0.000000e+00*2 1.138736e-03 0.000000e+00*6
<STATE> 6
<NUMMIXES> 60
<TMIX> "TM_1_"
 0.000000e+00*3 1.130577e-03 0.000000e+00*2 7.749488e-01 3.863608e-02 0.000000e+00*3 3.364939e-03 0.000000e+00*2 6.298362e-02 4.424069e-04 1.766270e-03 4.782035e-04 5.965025e-02 4.698473e-04 0.000000e+00*2 1.073808e-03 2.336442e-04 0.000000e+00*2 4.839116e-04 0.000000e+00*2 1.203724e-02 1.118808e-03 0.000000e+00*4 3.879156e-04 0.000000e+00*3 1.735193e-02 0.000000e+00 3.676079e-04 1.367368e-03 0.000000e+00*2 4.409634e-03 0.000000e+00 6.820807e-04 6.163168e-03 0.000000e+00 1.506848e-04 1.232136e-03 1.183078e-03 5.343134e-03 2.213652e-03 0.000000e+00 3.292967e-04 0.000000e+00*3
<TRANSP> 7
 0.000000e+00 3.698368e-01 6.301633e-01 0.000000e+00 0.000000e+00 0.000000e+00 0.000000e+00
 0.000000e+00 8.422248e-01 4.132869e-03 1.536422e-01 0.000000e+00 0.000000e+00 0.000000e+00
 0.000000e+00 0.000000e+00 9.079569e-01 3.422680e-03 8.862042e-02 0.000000e+00 0.000000e+00
 0.000000e+00 0.000000e+00 0.000000e+00 8.383340e-01 1.499364e-02 1.466724e-01 0.000000e+00
 0.000000e+00 0.000000e+00 0.000000e+00 0.000000e+00 8.865036e-01 2.363294e-03 1.111331e-01
 0.000000e+00 0.000000e+00 0.000000e+00 0.000000e+00 0.000000e+00 8.601403e-01 1.398597e-01
 0.000000e+00 0.000000e+00 0.000000e+00 0.000000e+00 0.000000e+00 0.000000e+00 0.000000e+00
<ENDHMM>
