~o
<STREAMINFO> 1 12
<VECSIZE> 12<NULLD><MFCC><DIAGC>
~h "Activity102"
<BEGINHMM>
<NUMSTATES> 7
<STATE> 2
<NUMMIXES> 60
<TMIX> "TM_1_"
 0.000000e+00*3 2.042204e-01 0.000000e+00*6 2.526653e-01 5.051367e-02 8.297495e-02 0.000000e+00*4 4.910720e-03 0.000000e+00 1.717390e-02 0.000000e+00*2 1.359172e-01 6.238466e-04 5.077050e-04 1.722058e-01 6.771844e-03 8.123350e-04 0.000000e+00*2 1.707826e-02 0.000000e+00 1.330783e-04 0.000000e+00*2 3.053389e-05 0.000000e+00*4 2.693919e-05 0.000000e+00*2 1.267768e-03 0.000000e+00*3 9.369059e-03 0.000000e+00 3.429658e-03 0.000000e+00*7 3.936711e-02 0.000000e+00*2
<STATE> 3
<NUMMIXES> 60
<TMIX> "TM_1_"
 0.000000e+00*3 4.654777e-03 0.000000e+00*2 3.853877e-04 0.000000e+00*3 5.933632e-02 2.367214e-02 2.430678e-03 0.000000e+00*2 1.262466e-02 4.201133e-02 3.152671e-02 6.888711e-04 1.637631e-01 3.903861e-03 2.244069e-03 2.023479e-01 2.726142e-02 3.978277e-02 1.428143e-02 1.037708e-01 1.332165e-03 0.000000e+00*2 4.854553e-02 5.187999e-03 7.067173e-03 2.310491e-04 2.026512e-02 1.626907e-02 1.846623e-02 0.000000e+00*2 1.283634e-04 8.581522e-03 1.480838e-03 3.587086e-04 2.651229e-02 0.000000e+00*3 3.286699e-02 1.852796e-03 4.375287e-02 0.000000e+00 7.698780e-03 0.000000e+00 8.263021e-05 1.974637e-03 0.000000e+00 1.094276e-03 2.063394e-02 9.306172e-04 0.000000e+00
<STATE> 4
<NUMMIXES> 60
<TMIX> "TM_1_"
 0.000000e+00*6 2.529595e-02 0.000000e+00*7 1.268806e-03 5.659850e-02 0.000000e+00 9.539913e-05 3.535828e-02 0.000000e+00 7.080568e-02 1.495691e-01 0.000000e+00 1.982417e-03 3.619249e-02 0.000000e+00 1.867383e-05 0.000000e+00 1.803032e-03 0.000000e+00 2.036681e-03 1.430182e-01 0.000000e+00 3.224324e-03 8.625128e-03 1.310346e-01 0.000000e+00*3 9.111775e-03 9.457598e-05 7.615402e-02 5.018020e-02 2.773860e-02 0.000000e+00 3.903749e-03 4.235192e-04 2.773412e-03 2.430344e-02 1.258601e-02 8.760895e-04 2.469912e-02 0.000000e+00*2 3.470949e-02 3.875401e-02 1.773596e-02 0.000000e+00 9.029001e-03 0.000000e+00
<STATE> 5
<NUMMIXES> 60
<TMIX> "TM_1_"
 0.000000e+00*3 1.223663e-02 0.000000e+00*2 8.402318e-04 0.000000e+00*3 1.284516e-02 4.259394e-03 3.435998e-03 1.230387e-03 0.000000e+00 2.599987e-01 1.663794e-01 5.936497e-03 6.406026e-04 5.559201e-02 2.559914e-04 1.107787e-02 5.048551e-03 1.292749e-03 1.954316e-03 7.338951e-03 2.098825e-04 0.000000e+00*3 4.620565e-04 8.199925e-03 1.346831e-01 9.100972e-04 7.438963e-03 4.566029e-05 2.347975e-01 0.000000e+00*2 3.837472e-04 7.764364e-03 1.928732e-03 2.533557e-05 5.145539e-03 0.000000e+00 2.468786e-04 0.000000e+00 7.958492e-03 8.068566e-04 2.580077e-02 0.000000e+00 1.862501e-04 0.000000e+00*2 9.815375e-04 7.705279e-04 3.824574e-03 5.402253e-03 1.663690e-03 0.000000e+00
<STATE> 6
<NUMMIXES> 60
<TMIX> "TM_1_"
 0.000000e+00*3 6.879472e-04 0.000000e+00*6 1.998723e-02 7.756407e-03 5.686362e-04 0.000000e+00*2 6.258200e-02 4.465111e-02 1.556165e-03 0.000000e+00 1.163805e-01 1.806941e-03 5.726081e-02 8.660145e-02 2.117449e-02 1.829270e-02 5.083686e-03 1.000426e-01 1.392584e-04 0.000000e+00*2 3.825057e-02 2.016190e-03 3.083593e-02 0.000000e+00 1.195129e-01 1.151063e-02 6.439670e-02 0.000000e+00*3 1.147272e-02 1.032279e-03 0.000000e+00 7.065526e-02 0.000000e+00*3 1.632523e-02 1.220921e-03 7.104530e-02 0.000000e+00 8.739442e-03 0.000000e+00*2 1.543918e-05 2.883257e-03 1.007497e-03 3.714764e-03 7.929380e-04 0.000000e+00
<TRANSP> 7
 0.000000e+00 1.772403e-01 8.227597e-01 0.000000e+00 0.000000e+00 0.000000e+00 0.000000e+00
 0.000000e+00 8.726726e-01 1.273274e-01 3.638242e-14 0.000000e+00 0.000000e+00 0.000000e+00
 0.000000e+00 0.000000e+00 8.650600e-01 1.672387e-02 1.182161e-01 0.000000e+00 0.000000e+00
 0.000000e+00 0.000000e+00 0.000000e+00 8.807057e-01 3.598505e-02 8.330932e-02 0.000000e+00
 0.000000e+00 0.000000e+00 0.000000e+00 0.000000e+00 6.001189e-01 3.362466e-01 6.363454e-02
 0.000000e+00 0.000000e+00 0.000000e+00 0.000000e+00 0.000000e+00 8.914601e-01 1.085400e-01
 0.000000e+00 0.000000e+00 0.000000e+00 0.000000e+00 0.000000e+00 0.000000e+00 0.000000e+00
<ENDHMM>
