~o
<STREAMINFO> 1 1
<VECSIZE> 1<NULLD><DISCRETE>
~h "Ascending"
<BEGINHMM>
<NUMSTATES> 5
<STATE> 2
<NUMMIXES> 128
<DPROB>
 27306*3 10297 9928 27306*3 7308 27306 7181 27306*2 7157
 27306 7278 27306*3 7193 27306 7273 27306*2 24915 27306*2
 10194 7273 27306*8 8848 11542 27306*2 8440 27306*5 7273
 27306 10124 7263 27306*3 10073 7321 27306*2 10704 8436
 27306*4 8438 10262 27306*5 9252 27306*5 8818 8826 10166
 27306*10 8816 27306*4 7348 27306*4 9233 27306*6 9966 10138
 9949 9919 7394 24915 27306 7481 27306*13
<STATE> 3
<NUMMIXES> 128
<DPROB>
 8190 8264 27306*4 7843 27306*11 10113 27306*3 10030 27306
 6985 9955 27306*4 12969 7823 8521 9847 27306 9832
 27306*2 7348 27306*6 8208 27306*7 11691 27306*2 9719 8716
 27306*2 5977 27306*6 9328 27306*3 8767 27306 6072 27306*3
 9934 27306*2 8173 27306*10 8208 8249 27306 8732 27306*2
 8218 8888 8828 8773 27306*7 12287 27306*3 6120 6790
 27306*14
<STATE> 4
<NUMMIXES> 128
<DPROB>
 27306*3 9379 10713 10069 27306 8422 27306 8221 27306
 9037 27306*2 8748 27306 9574 27306 11391 27306 10769
 27306 11274 10073 27306 13604 27306 9389 27306 10654
 11307 27306*3 11318 27306 10096 27306*2 10096 27306*3 11568
 9561 27306 10277 27306 9983 9272 27306 10822 9418
 11112 9235 27306*6 8822 10031 10142 27306 9408 10450
 27306*2 9535 8123 27306*3 9992 10079 10588 27306*2 9110
 27306 8870 9671 27306 9799 9556 9394 27306*4 12012
 27306 8802 27306*2 9484 27306*5 12310 9955 27306 10872
 10263 10756 10909 10713 10734 27306*4 9861 8991 9314
 9961 8932 9822 9630 11681 11296 11643 27306*3
<TRANSP> 5
 0.000000e+00 1.000000e+00 0.000000e+00 0.000000e+00 0.000000e+00
 0.000000e+00 9.997808e-01 2.192202e-04 0.000000e+00 0.000000e+00
 0.000000e+00 0.000000e+00 9.997321e-01 2.678541e-04 0.000000e+00
 0.000000e+00 0.000000e+00 0.000000e+00 9.998426e-01 1.574276e-04
 0.000000e+00 0.000000e+00 0.000000e+00 0.000000e+00 0.000000e+00
<ENDHMM>
