~o
<STREAMINFO> 1 1
<VECSIZE> 1<NULLD><DISCRETE>
~h "Descending"
<BEGINHMM>
<NUMSTATES> 5
<STATE> 2
<NUMMIXES> 128
<DPROB>
 9218 9248 27306 10791 8838 27306 10456 27306*3 10351
 27306*2 8666 27306*2 11074 27306*2 10239 27306*6 7853 10728
 27306*3 10525 9467 27306 7757 27306*8 8034 10960 9903
 27306*3 12892 8554 27306*2 7972 10579 27306*3 8135 27306
 10796 27306*4 10767 27306 9091 27306 10924 27306*3 10657
 27306*6 8334 27306 10924 27306*2 10955 27306*3 8057 27306
 10219 9215 27306*2 9392 27306 9230 27306*7 7480 25434
 8816 8445 8801 8840 9695 10579 10392 9018 11315
 11364 11091 27306 11396 27306 16935 8155 7773 8036
 27306*3
<STATE> 3
<NUMMIXES> 128
<DPROB>
 8006 8471 27306 9528 27306*3 9518 27306 6831 27306
 9074 8632 27306 9878 27306 9822 8926 8223 27306
 8326 27306 8173 27306*2 9720 27306 9582 27306 12472
 8181 27306*2 9678 27306 9547 8566 27306*5 8618 27306*6
 9414 27306 10492 8665 27306 10828 27306 9419 27306*4
 9964 27306*3 9513 27306*3 9678 8032 27306*8 9206 11012
 21604 9752 27306*2 9752 27306*5 7980 7963 27306*3 8556
 8081 27306*3 8428 9414 27306*2 24210 6676 27306*8 10023
 27306 12173 27306*10
<STATE> 4
<NUMMIXES> 128
<DPROB>
 27306*2 8862 27306*13 8918 27306 10261 27306 10158 27306
 10272 27306*2 7846 27306*4 10244 27306*2 7471 27306 7367
 27306*4 8810 27306*3 10137 27306 7963 27306*4 7135 27306*4
 7341 27306*5 9128 27306*3 7698 27306 9177 27306*3 8825
 27306*3 7071 27306*4 10340 10137 9281 8881 10619 9248
 8946 9027 27306*4 10369 27306*10 9011 24632 27306*9 8760
 8772 8769 8716 8966 8801 8825 27306*3 7812 8059
 8530
<TRANSP> 5
 0.000000e+00 1.000000e+00 0.000000e+00 0.000000e+00 0.000000e+00
 0.000000e+00 9.998239e-01 1.761028e-04 0.000000e+00 0.000000e+00
 0.000000e+00 0.000000e+00 9.997049e-01 2.951049e-04 0.000000e+00
 0.000000e+00 0.000000e+00 0.000000e+00 9.997530e-01 2.469897e-04
 0.000000e+00 0.000000e+00 0.000000e+00 0.000000e+00 0.000000e+00
<ENDHMM>
