~o
<STREAMINFO> 1 12
<VECSIZE> 12<NULLD><MFCC><DIAGC>
~m "TM_1_1"
<MEAN> 12
 -9.845180e+02 1.832253e+02 -1.795611e+01 6.732504e+00 6.947619e+00 8.654388e+00 4.362082e+06 1.667839e+05 5.607228e+03 -1.399777e+01 -1.258180e+01 1.845645e+00
<VARIANCE> 12
 7.443137e+01 3.489635e+03 9.194485e+02 1.453168e+01 1.484667e+01 2.137777e+01 5.834764e+09 9.398689e+09 1.495552e+07 2.167983e+03 3.280264e+03 2.783285e+03
<GCONST> 1.354623e+02
~m "TM_1_2"
<MEAN> 12
 -9.815951e+02 1.439520e+02 1.675285e+02 7.350208e+00 7.257189e+00 9.468414e+00 4.336041e+06 9.499721e+04 1.402025e+05 -1.567681e+01 -2.004335e+01 8.370397e+00
<VARIANCE> 12
 3.376819e+01 3.890855e+02 3.089680e+03 1.487458e+01 1.543445e+01 2.368074e+01 2.639801e+09 9.635740e+08 2.463187e+09 2.359569e+03 4.193557e+03 3.927109e+03
<GCONST> 1.365626e+02
~m "TM_1_3"
<MEAN> 12
 -9.650714e+02 8.705947e+01 2.758793e+02 7.547468e+00 7.666241e+00 9.357394e+00 4.191794e+06 3.692572e+04 3.501955e+05 -8.471583e+00 -1.626530e+01 2.299138e+00
<VARIANCE> 12
 1.430117e+02 6.250861e+02 1.707658e+03 2.148273e+01 1.554300e+01 2.528663e+01 1.073628e+10 3.024027e+08 1.132726e+10 2.847443e+03 4.379580e+03 4.188404e+03
<GCONST> 1.403929e+02
~m "TM_1_4"
<MEAN> 12
 -3.095191e+01 1.038834e+03 -1.150882e+01 1.356767e+01 9.585096e+00 1.434983e+01 2.005230e+04 4.856573e+06 2.720319e+04 1.406395e+00 1.622181e+01 2.453627e+00
<VARIANCE> 12
 3.474524e+03 6.136634e+01 5.888480e+03 7.982056e+01 2.942345e+01 7.602143e+01 4.444196e+08 5.368569e+09 8.797576e+08 1.641120e+04 1.819259e+04 4.542098e+04
<GCONST> 1.482474e+02
~m "TM_1_5"
<MEAN> 12
 -8.316213e+02 3.230161e+02 5.010511e+02 8.356266e+00 8.049520e+00 1.006397e+01 3.114081e+06 4.799181e+05 1.145016e+06 -2.394494e+00 -4.494848e+00 -7.833436e+00
<VARIANCE> 12
 4.225599e+02 2.308497e+03 3.394234e+03 2.220666e+01 1.885706e+01 2.611704e+01 2.388264e+10 2.009083e+10 5.872222e+10 4.006031e+03 5.915482e+03 6.817541e+03
<GCONST> 1.514991e+02
~m "TM_1_6"
<MEAN> 12
 1.139560e+02 3.602226e+02 9.620814e+02 1.130727e+01 9.070028e+00 1.066339e+01 1.003362e+05 5.854417e+05 4.165884e+06 -1.211726e+01 1.201817e+01 -1.874386e+00
<VARIANCE> 12
 9.294463e+03 3.352068e+02 1.488738e+02 5.086154e+01 2.506437e+01 3.304186e+01 5.287947e+09 3.563090e+09 1.118485e+10 1.109926e+04 7.918307e+03 1.472040e+04
<GCONST> 1.480668e+02
~m "TM_1_7"
<MEAN> 12
 -4.814320e+01 1.562690e+02 1.012747e+03 8.679396e+00 8.059189e+00 1.098575e+01 2.828326e+04 1.582467e+05 4.616484e+06 -1.922252e+01 -8.279427e+00 7.383176e+00
<VARIANCE> 12
 3.958610e+03 1.074242e+04 2.243645e+02 2.562249e+01 1.875095e+01 3.943258e+01 1.110404e+09 2.035884e+10 1.859308e+10 4.440264e+03 6.756832e+03 8.299258e+03
<GCONST> 1.493342e+02
~m "TM_1_8"
<MEAN> 12
 -1.394569e+02 5.445495e+02 8.731041e+02 9.548991e+00 8.362475e+00 1.028664e+01 1.379075e+05 1.338943e+06 3.432558e+06 -2.638065e+01 -1.033267e+01 1.586878e+01
<VARIANCE> 12
 1.118750e+04 1.006163e+03 4.744878e+02 3.496110e+01 2.143166e+01 3.253666e+01 1.451614e+10 2.386888e+10 2.883975e+10 6.345336e+03 6.767899e+03 1.028816e+04
<GCONST> 1.527483e+02
~m "TM_1_9"
<MEAN> 12
 -9.376997e+02 1.530946e+02 2.638311e+02 1.355894e+01 9.481608e+00 1.203848e+01 3.982650e+06 1.493177e+05 4.845984e+05 -6.240653e+00 -1.880384e+01 9.978800e+00
<VARIANCE> 12
 5.739387e+03 9.737504e+03 3.807655e+04 1.265176e+02 2.787123e+01 6.260419e+01 3.691695e+11 2.894011e+10 3.216735e+11 2.969224e+04 1.225614e+04 3.234698e+04
<GCONST> 1.700621e+02
~m "TM_1_10"
<MEAN> 12
 -3.918926e+01 3.897828e+02 9.560141e+02 8.680483e+00 7.670504e+00 1.008785e+01 6.995866e+04 6.855256e+05 4.113220e+06 -1.164797e+01 -1.820191e+00 5.486276e-01
<VARIANCE> 12
 1.400327e+04 4.077762e+02 8.277673e+01 2.185308e+01 1.631275e+01 2.813956e+01 3.182179e+09 4.983086e+09 6.132045e+09 3.149601e+03 4.269093e+03 5.624163e+03
<GCONST> 1.430379e+02
~m "TM_1_11"
<MEAN> 12
 -1.490151e+01 1.035638e+03 7.116712e+01 3.571180e+01 1.879865e+01 3.466275e+01 3.214754e+04 4.827756e+06 9.294537e+04 1.496261e+02 9.137850e+01 -3.022939e+01
<VARIANCE> 12
 6.687410e+03 2.818562e+02 1.537233e+04 5.655652e+02 1.369520e+02 4.934812e+02 1.368572e+09 2.452087e+10 1.053923e+10 4.516738e+05 4.514782e+05 1.688243e+06
<GCONST> 1.720216e+02
~m "TM_1_12"
<MEAN> 12
 -1.013223e+02 1.004234e+03 2.064695e+02 2.925059e+01 1.535367e+01 2.542770e+01 1.119767e+05 4.541850e+06 3.112757e+05 5.799444e+01 -3.956739e+01 -1.010216e+01
<VARIANCE> 12
 1.449376e+04 8.080079e+02 2.646320e+04 3.512974e+02 7.525498e+01 2.343607e+02 1.440221e+10 6.533129e+10 6.020565e+10 1.696956e+05 1.309403e+05 5.199841e+05
<GCONST> 1.742537e+02
~m "TM_1_13"
<MEAN> 12
 -4.976473e+01 1.025709e+03 1.301649e+02 1.156644e+01 9.596756e+00 1.272787e+01 4.542172e+04 4.734888e+06 1.551070e+05 -1.006551e+01 -1.084806e+01 -1.467422e+00
<VARIANCE> 12
 7.607691e+03 1.161510e+02 1.751740e+04 4.783105e+01 2.732384e+01 5.334163e+01 2.641095e+09 9.884615e+09 1.044350e+10 1.047037e+04 1.189579e+04 1.860821e+04
<GCONST> 1.529190e+02
~m "TM_1_14"
<MEAN> 12
 -9.424776e+02 1.693095e+02 1.903658e+02 8.509299e+01 4.524978e+01 6.010077e+01 4.085648e+06 2.003190e+05 4.492423e+05 -2.693802e+02 2.046015e+02 5.407165e+02
<VARIANCE> 12
 1.856064e+04 1.556451e+04 6.298899e+04 3.697490e+03 7.956295e+02 1.626019e+03 1.296798e+12 4.055504e+10 4.009731e+11 2.489416e+07 7.233546e+06 4.539078e+07
<GCONST> 2.043644e+02
~m "TM_1_15"
<MEAN> 12
 -1.426808e+02 1.743751e+02 9.982941e+02 1.055337e+01 8.494035e+00 1.222748e+01 1.270843e+05 1.868763e+05 4.485946e+06 -2.828693e+01 7.423296e+00 9.829388e+00
<VARIANCE> 12
 7.872151e+03 1.111818e+04 2.786337e+02 4.184534e+01 2.098026e+01 5.002266e+01 1.349305e+10 2.471421e+10 2.256015e+10 7.282367e+03 9.604495e+03 1.546904e+04
<GCONST> 1.554672e+02
~m "TM_1_16"
<MEAN> 12
 -9.937752e+00 9.694449e+02 -1.842063e+02 1.040171e+02 1.284563e+02 7.776794e+01 3.390198e+05 4.519614e+06 6.183548e+05 1.202330e+03 4.869941e+03 5.562894e+01
<VARIANCE> 12
 7.329684e+04 6.104289e+04 1.028631e+05 3.586493e+03 5.488929e+03 1.899448e+03 1.232921e+11 4.988148e+12 3.188862e+11 1.572295e+08 1.024618e+08 4.893704e+07
<GCONST> 2.164503e+02
~m "TM_1_17"
<MEAN> 12
 -9.859393e+01 1.128243e+03 6.941370e+02 2.112932e+02 1.531671e+02 3.763325e+02 2.375474e+05 5.922653e+06 2.570548e+06 2.519224e+01 2.181574e+04 -3.733969e+04
<VARIANCE> 12
 3.495553e+04 4.399550e+04 7.901662e+04 1.400224e+04 7.012336e+03 2.851642e+04 4.998952e+10 4.004853e+12 3.467944e+12 7.076380e+08 2.603306e+09 4.588512e+09
<GCONST> 2.299788e+02
~m "TM_1_18"
<MEAN> 12
 -7.060672e+01 9.945377e+02 2.312778e+02 8.476942e+01 4.701871e+01 7.081800e+01 1.381536e+05 4.494484e+06 4.077911e+05 2.985796e+02 5.213491e+01 -5.259492e+02
<VARIANCE> 12
 2.419004e+04 9.472825e+03 3.642459e+04 2.823009e+03 9.151624e+02 2.147829e+03 2.506942e+10 7.446880e+11 1.640736e+11 1.610756e+07 1.081458e+07 3.750964e+07
<GCONST> 2.015803e+02
~m "TM_1_19"
<MEAN> 12
 -1.749241e+02 3.048264e+02 9.166046e+02 3.162594e+01 1.902982e+01 2.751336e+01 2.516066e+05 7.824734e+05 3.812641e+06 -1.889206e+02 2.121962e+02 1.913016e+02
<VARIANCE> 12
 2.513307e+04 8.093052e+04 6.988370e+03 3.950070e+02 1.420109e+02 3.265342e+02 9.419758e+10 3.893162e+11 4.646411e+11 4.163733e+05 3.301182e+05 9.837631e+05
<GCONST> 1.873297e+02
~m "TM_1_20"
<MEAN> 12
 -2.774116e+00 1.076018e+03 1.158372e+02 1.734239e+02 9.901773e+01 1.382488e+02 2.163001e+05 5.329749e+06 2.841253e+05 5.646070e+02 3.452061e+03 -9.308696e+02
<VARIANCE> 12
 4.009964e+04 2.559024e+04 4.586403e+04 1.048893e+04 2.983932e+03 7.291182e+03 5.193060e+10 2.391566e+12 9.882581e+10 2.521142e+08 1.778000e+08 5.107129e+08
<GCONST> 2.165762e+02
~m "TM_1_21"
<MEAN> 12
 -1.006054e+02 9.270361e+02 4.665222e+02 2.295460e+01 1.288379e+01 1.940118e+01 1.071623e+05 3.873908e+06 1.006660e+06 1.133412e+01 -5.078608e+01 7.489652e+00
<VARIANCE> 12
 1.362569e+04 1.465752e+03 6.030367e+03 2.113156e+02 5.110292e+01 1.316331e+02 1.145602e+10 1.006143e+11 1.048198e+11 6.678235e+04 5.509713e+04 1.697374e+05
<GCONST> 1.696760e+02
~m "TM_1_22"
<MEAN> 12
 2.951644e+00 9.693408e+02 9.282783e+01 2.184562e+02 1.716705e+02 2.522016e+02 3.733658e+05 4.831944e+06 1.484405e+06 3.062479e+03 1.086140e+04 -7.126202e+03
<VARIANCE> 12
 6.994102e+04 1.309580e+05 3.091278e+05 1.901609e+04 1.101034e+04 2.727241e+04 1.433702e+11 1.201746e+13 3.235185e+12 1.331369e+09 2.074797e+09 2.953974e+09
<GCONST> 2.358875e+02
~m "TM_1_23"
<MEAN> 12
 1.047186e+01 1.036408e+03 9.695932e+01 8.482037e+01 4.058545e+01 6.792829e+01 5.143202e+04 4.842252e+06 1.102293e+05 3.896679e+02 4.309766e+01 -2.448147e+02
<VARIANCE> 12
 9.711865e+03 1.846305e+03 1.422428e+04 2.563684e+03 6.009006e+02 1.612678e+03 2.562788e+09 1.622971e+11 1.434998e+10 1.046526e+07 6.628791e+06 2.922797e+07
<GCONST> 1.898778e+02
~m "TM_1_24"
<MEAN> 12
 -9.493327e+01 9.823386e+02 2.779647e+02 8.553702e+01 3.958985e+01 6.619617e+01 1.497301e+05 4.362574e+06 5.154448e+05 5.663496e+02 -1.127187e+02 -1.000781e+00
<VARIANCE> 12
 2.274513e+04 4.373014e+03 3.669133e+04 2.757483e+03 5.453709e+02 1.499872e+03 3.336305e+10 3.329083e+11 1.941712e+11 1.049713e+07 7.069151e+06 2.970478e+07
<GCONST> 1.984153e+02
~m "TM_1_25"
<MEAN> 12
 -3.627540e+01 9.775280e+02 2.273278e+02 1.081252e+02 5.811408e+01 9.274940e+01 1.262513e+05 4.356538e+06 6.035331e+05 9.431680e+02 7.504026e+02 -2.625096e+02
<VARIANCE> 12
 2.385355e+04 1.224882e+04 8.110682e+04 4.741451e+03 1.362905e+03 3.592143e+03 2.062169e+10 9.140087e+11 4.090434e+11 4.368334e+07 3.223880e+07 1.016777e+08
<GCONST> 2.080652e+02
~m "TM_1_26"
<MEAN> 12
 -2.448308e+01 1.033310e+03 7.346579e+01 3.403125e+01 1.719682e+01 3.061798e+01 3.763659e+04 4.806298e+06 8.799219e+04 7.832801e+01 1.336469e+01 -1.792832e+01
<VARIANCE> 12
 7.572465e+03 3.376474e+02 1.399777e+04 5.417916e+02 1.040325e+02 3.885513e+02 1.868355e+09 2.911690e+10 1.062142e+10 3.165657e+05 2.513941e+05 1.165904e+06
<GCONST> 1.708556e+02
~m "TM_1_27"
<MEAN> 12
 -5.105839e+00 1.013773e+03 2.057356e+02 1.067292e+02 6.337185e+01 8.302656e+01 7.324483e+04 4.658253e+06 3.788851e+05 -1.420123e+02 -1.167903e+02 -2.869935e+02
<VARIANCE> 12
 1.312734e+04 7.060508e+03 4.067833e+04 4.815598e+03 1.637385e+03 2.814173e+03 6.330916e+09 5.852371e+11 1.726574e+11 5.197879e+07 2.840940e+07 7.835341e+07
<GCONST> 2.034795e+02
~m "TM_1_28"
<MEAN> 12
 1.066515e+01 9.607883e+02 9.258960e+01 1.116009e+01 8.438950e+00 1.125897e+01 2.302751e+04 4.157634e+06 7.060454e+05 -6.512823e+00 -8.891223e+00 5.091519e+00
<VARIANCE> 12
 4.993458e+03 8.027783e+02 1.483145e+05 4.481003e+01 2.047537e+01 4.071685e+01 7.376563e+08 6.027396e+10 4.184076e+10 7.205684e+03 7.355379e+03 1.309688e+04
<GCONST> 1.566581e+02
~m "TM_1_29"
<MEAN> 12
 -1.380355e+02 4.703080e+02 9.172914e+02 1.060376e+01 8.605976e+00 1.092442e+01 1.057369e+05 9.977896e+05 3.787327e+06 -2.773319e+01 -5.457081e-01 1.694782e+01
<VARIANCE> 12
 4.429263e+03 5.384207e+02 1.985226e+02 4.516935e+01 2.247386e+01 3.801245e+01 4.558614e+09 9.308707e+09 1.357341e+10 8.779478e+03 9.380376e+03 1.411907e+04
<GCONST> 1.488985e+02
~m "TM_1_30"
<MEAN> 12
 -4.088271e+02 -1.322912e+02 9.014467e+02 1.205355e+01 9.832622e+00 1.245696e+01 8.622175e+05 1.511688e+05 3.671264e+06 -4.395194e+00 3.066516e+00 -2.082169e+00
<VARIANCE> 12
 2.445450e+04 1.609086e+04 3.220598e+03 6.462418e+01 3.239465e+01 5.047731e+01 1.719643e+11 5.502812e+09 2.297186e+11 1.862096e+04 1.455575e+04 2.745783e+04
<GCONST> 1.655879e+02
~m "TM_1_31"
<MEAN> 12
 -3.372873e+01 9.805035e+02 2.586376e+02 4.851122e+01 2.165415e+01 3.769680e+01 8.852061e+04 4.340296e+06 4.867517e+05 8.397576e+00 -4.452415e+01 5.865785e+01
<VARIANCE> 12
 1.811158e+04 3.109473e+03 4.109223e+04 9.564193e+02 1.543783e+02 5.273973e+02 1.282269e+10 2.358355e+11 1.907823e+11 7.849154e+05 5.342861e+05 2.687101e+06
<GCONST> 1.856965e+02
~m "TM_1_32"
<MEAN> 12
 -4.004640e+01 5.426426e+02 4.710834e+02 6.477898e+01 4.252003e+01 5.261229e+01 2.687192e+05 2.140574e+06 2.296877e+06 -6.282563e+02 1.648196e+02 4.972346e+02
<VARIANCE> 12
 5.735127e+04 1.810541e+05 2.881441e+05 2.060417e+03 9.161376e+02 1.430792e+03 1.183957e+11 2.070064e+12 1.832347e+12 9.225277e+06 5.707098e+06 1.346060e+07
<GCONST> 2.095085e+02
~m "TM_1_33"
<MEAN> 12
 -7.889027e+01 1.431612e+03 3.701237e+02 6.157330e+02 4.148032e+02 5.332697e+02 1.583327e+06 9.574717e+06 1.667592e+06 1.791827e+05 -7.575813e+04 -1.500711e+05
<VARIANCE> 12
 2.647461e+05 6.601779e+04 1.661032e+05 7.520167e+04 4.730820e+04 6.501550e+04 1.949719e+12 1.167928e+13 2.760995e+12 6.753082e+10 3.410228e+10 7.108701e+10
<GCONST> 2.519436e+02
~m "TM_1_34"
<MEAN> 12
 -1.385510e+02 8.363453e+02 6.101128e+02 1.772016e+01 1.046617e+01 1.505232e+01 1.206028e+05 3.159571e+06 1.698579e+06 -5.834337e+00 -3.797984e+01 -1.410028e+01
<VARIANCE> 12
 7.569651e+03 2.650139e+03 5.206985e+03 1.506335e+02 3.481430e+01 7.835158e+01 1.260876e+10 1.465251e+11 1.603074e+11 3.238584e+04 2.320769e+04 7.005370e+04
<GCONST> 1.667159e+02
~m "TM_1_35"
<MEAN> 12
 -1.302834e+02 9.366809e+02 5.515031e+02 5.741355e+02 4.744333e+02 8.007859e+02 1.100754e+06 4.618920e+06 4.268451e+06 1.809717e+04 8.313762e+04 -1.597695e+05
<VARIANCE> 12
 1.317917e+05 1.384303e+05 5.113516e+05 1.028280e+05 7.235759e+04 1.774916e+05 1.449659e+12 1.134498e+13 1.703006e+13 8.906106e+10 2.207703e+11 2.205826e+11
<GCONST> 2.596240e+02
~m "TM_1_36"
<MEAN> 12
 -8.393745e+01 9.073852e+02 4.812142e+02 6.008313e+01 3.058346e+01 4.448175e+01 1.165255e+05 3.726613e+06 1.167378e+06 1.595009e+02 -2.578968e+02 -4.059846e+01
<VARIANCE> 12
 1.817373e+04 4.717147e+03 2.765323e+04 1.289959e+03 3.121255e+02 6.721819e+02 2.157237e+10 3.073132e+11 3.000842e+11 3.169084e+06 1.912107e+06 7.071975e+06
<GCONST> 1.918425e+02
~m "TM_1_37"
<MEAN> 12
 3.208239e+01 1.508960e+03 -1.129521e+02 2.977858e+02 1.944063e+02 1.312266e+02 8.462593e+05 1.061159e+07 2.083210e+05 4.044660e+03 7.170242e+03 -1.924330e+03
<VARIANCE> 12
 1.569828e+05 7.443823e+04 2.957138e+04 3.688700e+04 1.017501e+04 4.651338e+03 5.758494e+11 1.391795e+13 4.029664e+10 2.827937e+09 6.762259e+08 1.349826e+09
<GCONST> 2.285999e+02
~m "TM_1_38"
<MEAN> 12
 -7.562602e+02 -3.038276e+01 6.784572e+02 9.211275e+00 8.958277e+00 9.658095e+00 2.574303e+06 4.712561e+03 2.071870e+06 -1.286933e+01 -7.418890e+00 5.783846e-01
<VARIANCE> 12
 1.300959e+02 1.185587e+02 1.090240e+02 3.688972e+01 2.116854e+01 2.780946e+01 6.166481e+09 8.022425e+06 4.011460e+09 8.578925e+03 5.409460e+03 5.276363e+03
<GCONST> 1.331521e+02
~m "TM_1_39"
<MEAN> 12
 -4.571891e+01 4.412710e+02 9.348733e+02 9.229283e+00 8.191207e+00 9.679847e+00 5.004270e+04 8.782013e+05 3.933407e+06 -1.413358e+01 -2.547347e+00 3.186714e+00
<VARIANCE> 12
 9.023586e+03 4.339435e+02 1.005585e+02 2.844916e+01 1.868787e+01 2.698270e+01 1.302813e+09 6.923226e+09 7.092118e+09 4.454802e+03 4.731295e+03 5.707230e+03
<GCONST> 1.432583e+02
~m "TM_1_40"
<MEAN> 12
 -1.991923e+02 5.706981e+02 8.466779e+02 1.327202e+01 1.027301e+01 1.180475e+01 2.075368e+05 1.471840e+06 3.230935e+06 -3.957558e+01 4.902348e+00 4.875622e+01
<VARIANCE> 12
 6.414205e+03 1.373568e+03 1.112698e+03 7.363230e+01 3.775068e+01 4.110978e+01 2.211733e+10 3.617181e+10 6.354577e+10 1.996889e+04 1.566489e+04 2.497017e+04
<GCONST> 1.593996e+02
~m "TM_1_41"
<MEAN> 12
 -5.946212e+01 9.318285e+02 3.544025e+02 1.961920e+02 1.434326e+02 2.254845e+02 3.999712e+05 4.303284e+06 1.471907e+06 -5.613964e+02 1.019320e+04 -4.589290e+03
<VARIANCE> 12
 7.624059e+04 8.696808e+04 1.941105e+05 1.513610e+04 8.789921e+03 2.059128e+04 1.991280e+11 4.740527e+12 1.965123e+12 8.924423e+08 1.366460e+09 2.475889e+09
<GCONST> 2.322703e+02
~m "TM_1_42"
<MEAN> 12
 6.168511e+00 8.329046e+02 1.432089e+02 4.296766e+01 2.241375e+01 3.083503e+01 2.643191e+05 3.153270e+06 1.438410e+06 1.301757e+01 -7.488314e+01 6.241597e+01
<VARIANCE> 12
 5.835880e+04 6.955650e+03 2.990424e+05 1.001609e+03 2.153193e+02 4.373253e+02 7.821080e+10 3.842559e+11 3.347996e+11 1.277041e+06 6.906551e+05 2.378254e+06
<GCONST> 1.933281e+02
~m "TM_1_43"
<MEAN> 12
 -4.514911e+01 5.678088e+02 4.829559e+02 4.502960e+01 2.939286e+01 3.970844e+01 2.467054e+05 1.841331e+06 2.817786e+06 1.471923e+01 2.559190e+02 2.687626e+02
<VARIANCE> 12
 5.246709e+04 8.669459e+04 3.927921e+05 1.158399e+03 4.716531e+02 8.085375e+02 1.153132e+11 1.588670e+12 1.817539e+12 3.048756e+06 2.635184e+06 4.781984e+06
<GCONST> 2.039683e+02
~m "TM_1_44"
<MEAN> 12
 -9.610183e+01 1.020452e+03 4.210896e+02 4.893628e+02 3.952346e+02 6.071616e+02 8.752163e+05 5.133740e+06 2.778072e+06 1.891512e+04 8.260133e+04 -5.750324e+04
<VARIANCE> 12
 1.149646e+05 9.227454e+04 3.627513e+05 8.929089e+04 6.271092e+04 1.356797e+05 7.975464e+11 8.230958e+12 9.070633e+12 5.707291e+10 1.021774e+11 1.024056e+11
<GCONST> 2.546545e+02
~m "TM_1_45"
<MEAN> 12
 -9.533867e+02 9.714805e+01 2.341651e+02 7.281096e+01 3.224681e+01 4.068356e+01 4.141541e+06 8.159461e+04 3.549617e+05 2.302538e+02 -1.816695e+02 -6.986707e+02
<VARIANCE> 12
 1.091454e+04 8.516260e+03 2.371683e+04 3.525838e+03 5.263888e+02 1.660573e+03 8.203499e+11 1.071662e+10 1.056526e+11 1.127219e+07 2.414072e+06 1.574972e+07
<GCONST> 1.957434e+02
~m "TM_1_46"
<MEAN> 12
 -3.943463e+01 3.969528e+02 9.512431e+02 2.115274e+01 1.452958e+01 1.756756e+01 7.203758e+04 7.183291e+05 4.074536e+06 -7.599678e+01 9.727686e+01 3.752146e+01
<VARIANCE> 12
 1.437202e+04 2.036676e+03 5.543330e+02 1.465357e+02 5.493652e+01 9.684795e+01 4.835524e+09 2.572869e+10 4.044452e+10 1.014058e+05 8.034316e+04 1.263696e+05
<GCONST> 1.643922e+02
~m "TM_1_47"
<MEAN> 12
 -8.956371e+02 2.236892e+02 3.619510e+02 2.071485e+02 7.691362e+01 1.254827e+02 3.844539e+06 3.148376e+05 1.082550e+06 5.179977e+03 5.065211e+03 -5.004990e+03
<VARIANCE> 12
 4.009786e+04 1.854136e+04 1.078043e+05 4.483864e+04 3.668085e+03 1.268567e+04 2.991468e+12 1.110872e+11 1.499904e+12 1.275785e+09 2.175449e+08 4.305836e+09
<GCONST> 2.269807e+02
~m "TM_1_48"
<MEAN> 12
 -1.302371e+02 8.990189e+02 4.245868e+02 1.974409e+02 1.165671e+02 1.893307e+02 4.060069e+05 3.795930e+06 1.384352e+06 2.014269e+03 8.256891e+03 -3.387183e+03
<VARIANCE> 12
 6.376376e+04 3.451271e+04 1.241128e+05 1.754114e+04 7.557239e+03 2.195840e+04 2.514934e+11 1.989153e+12 1.478293e+12 8.695340e+08 2.478951e+09 2.354102e+09
<GCONST> 2.303803e+02
~m "TM_1_49"
<MEAN> 12
 -2.232057e+02 2.430974e+02 8.642129e+02 9.893042e+01 5.984204e+01 9.244852e+01 5.215018e+05 8.838577e+05 3.530641e+06 -7.125092e+01 3.032401e+03 1.234427e+03
<VARIANCE> 12
 6.447450e+04 1.369657e+05 3.676720e+04 4.608895e+03 1.406581e+03 3.895051e+03 5.142165e+11 1.068744e+12 1.690673e+12 4.875289e+07 5.634600e+07 1.323713e+08
<GCONST> 2.164905e+02
~m "TM_1_50"
<MEAN> 12
 -7.665512e+01 9.537838e+02 3.775548e+02 2.734902e+02 1.881245e+02 3.091513e+02 4.977825e+05 4.431754e+06 1.572313e+06 1.147093e+04 2.674439e+04 -5.765410e+03
<VARIANCE> 12
 8.414903e+04 7.368805e+04 1.872094e+05 3.992235e+04 1.938772e+04 6.551982e+04 3.503898e+11 4.973110e+12 2.766978e+12 5.665828e+09 1.554133e+10 1.514068e+10
<GCONST> 2.421310e+02
~m "TM_1_51"
<MEAN> 12
 -1.160764e+02 5.684575e+02 6.232608e+02 4.015083e+01 2.605866e+01 3.834303e+01 2.251893e+05 2.243519e+06 2.456326e+06 -1.336490e+02 4.854111e+02 2.835046e+02
<VARIANCE> 12
 3.621675e+04 1.753278e+05 1.570983e+05 9.256996e+02 4.982015e+02 1.196087e+03 1.066567e+11 3.775143e+12 3.137464e+12 2.857035e+06 5.210466e+06 5.138986e+06
<GCONST> 2.056298e+02
~m "TM_1_52"
<MEAN> 12
 -1.080079e+02 6.778892e+02 5.815028e+02 8.587156e+01 5.638168e+01 7.811068e+01 2.099764e+05 2.798042e+06 2.082163e+06 2.000288e+03 1.971207e+03 -5.407358e+00
<VARIANCE> 12
 3.192301e+04 1.619780e+05 1.233068e+05 7.762567e+03 4.428909e+03 7.745098e+03 1.029819e+11 3.633118e+12 2.620238e+12 2.482470e+08 2.604900e+08 1.026105e+09
<GCONST> 2.247813e+02
~m "TM_1_53"
<MEAN> 12
 -7.109155e+02 -7.695980e+01 7.154903e+02 6.317305e+01 4.206978e+01 3.928245e+01 2.332670e+06 7.732697e+04 2.331718e+06 -2.677001e+02 1.282468e+03 -6.911488e+02
<VARIANCE> 12
 1.309841e+04 1.093704e+04 6.027119e+03 3.739403e+03 1.869548e+03 1.173940e+03 5.144609e+11 1.163177e+10 2.515726e+11 1.773529e+07 3.538494e+07 1.169642e+07
<GCONST> 1.991090e+02
~m "TM_1_54"
<MEAN> 12
 -1.770930e+02 -3.735561e+02 8.901516e+02 6.137440e+01 6.817452e+01 6.203992e+01 1.927898e+05 1.003888e+06 3.619989e+06 -1.284071e+03 2.185993e+03 -1.020975e+03
<VARIANCE> 12
 1.159265e+04 8.312799e+04 1.206742e+04 1.431229e+03 1.093184e+03 9.447036e+02 2.551053e+10 3.731510e+11 7.831809e+11 1.800937e+07 1.889343e+07 9.016020e+06
<GCONST> 2.007225e+02
~m "TM_1_55"
<MEAN> 12
 -2.997007e+02 -3.718386e+01 7.616940e+02 9.372939e+01 5.859833e+01 1.025916e+02 5.444430e+05 1.205159e+06 2.745106e+06 -9.028502e+02 6.310761e+02 3.529597e+03
<VARIANCE> 12
 2.950641e+04 2.664457e+05 2.912026e+04 3.281088e+03 1.118254e+03 2.822592e+03 1.718363e+11 9.455171e+11 1.354523e+12 2.718733e+07 5.078296e+07 8.589556e+07
<GCONST> 2.126891e+02
~m "TM_1_56"
<MEAN> 12
 -6.971878e+01 7.904948e+02 2.854945e+02 4.253689e+02 2.728961e+02 4.860208e+02 1.032686e+06 3.554533e+06 3.060022e+06 1.009560e+04 1.220178e+05 6.158021e+04
<VARIANCE> 12
 1.503114e+05 1.560880e+05 4.656154e+05 1.333591e+05 6.703666e+04 3.446196e+05 2.628245e+12 7.663660e+12 2.001636e+13 5.345644e+10 2.918934e+11 6.861891e+11
<GCONST> 2.618969e+02
~m "TM_1_57"
<MEAN> 12
 -1.573555e+02 6.113937e+02 5.392481e+02 1.900543e+02 1.312001e+02 2.115401e+02 6.545768e+05 2.988482e+06 2.063539e+06 8.759172e+03 2.625635e+04 3.742554e+03
<VARIANCE> 12
 1.097148e+05 2.898429e+05 1.514031e+05 2.741710e+04 1.380695e+04 5.976828e+04 9.633865e+11 6.100708e+12 3.359696e+12 1.893618e+09 1.239182e+10 8.087608e+09
<GCONST> 2.422067e+02
~m "TM_1_58"
<MEAN> 12
 -3.129697e+02 1.007273e+03 8.587879e+01 9.947669e+01 3.689541e+01 4.319272e+01 4.913606e+05 4.576533e+06 1.518045e+05 1.595894e+03 3.411212e+02 1.372575e+02
<VARIANCE> 12
 1.087817e+04 2.081815e+03 2.668523e+04 1.332267e+03 3.995768e+02 3.958132e+02 1.070410e+11 1.846728e+11 3.191962e+10 1.263232e+07 2.338707e+06 1.859631e+07
<GCONST> 1.916281e+02
~m "TM_1_59"
<MEAN> 12
 -4.550937e+02 7.867026e+02 -3.567669e+01 3.084500e+02 9.953397e+01 4.539103e+02 1.962127e+06 3.729966e+06 9.547013e+05 -3.266734e+04 -6.838847e+04 1.882867e+05
<VARIANCE> 12
 2.077703e+05 2.057430e+05 9.504962e+04 3.737508e+04 5.776636e+03 1.544031e+05 5.966505e+12 8.458940e+12 2.294328e+12 3.720201e+09 1.377089e+10 8.186619e+10
<GCONST> 2.472890e+02
~m "TM_1_60"
<MEAN> 12
 0.000000e+00 0.000000e+00 0.000000e+00 0.000000e+00 0.000000e+00 0.000000e+00 0.000000e+00 0.000000e+00 0.000000e+00 0.000000e+00 0.000000e+00 0.000000e+00
<VARIANCE> 12
 1.000000e+00 1.000000e+00 1.000000e+00 1.000000e+00 1.000000e+00 1.000000e+00 1.000000e+00 1.000000e+00 1.000000e+00 1.000000e+00 1.000000e+00 1.000000e+00
<GCONST> 2.205453e+01
~h "Activity101"
<BEGINHMM>
<NUMSTATES> 7
<STATE> 2
<NUMMIXES> 60
<TMIX> "TM_1_"
 2.000000e-05*3 7.987046e-02 2.000000e-05*6 4.494143e-01 2.000000e-05 5.210849e-02 2.000000e-05*9 2.262676e-03 2.000000e-05*2 4.152441e-01 2.000000e-05*34
<STATE> 3
<NUMMIXES> 60
<TMIX> "TM_1_"
 2.000000e-05*20 1.698025e-03 2.000000e-05*6 9.971420e-01 2.000000e-05*32
<STATE> 4
<NUMMIXES> 60
<TMIX> "TM_1_"
 2.000000e-05*3 9.988200e-01 2.000000e-05*56
<STATE> 5
<NUMMIXES> 60
<TMIX> "TM_1_"
 2.000000e-05*3 8.956037e-03 2.000000e-05*6 4.087147e-02 7.189360e-01 8.333789e-02 2.000000e-05*12 7.017754e-02 2.000000e-05 2.237888e-03 2.000000e-05*2 7.442315e-02 2.000000e-05*29
<STATE> 6
<NUMMIXES> 60
<TMIX> "TM_1_"
 2.000000e-05*3 4.322959e-02 2.000000e-05*8 9.556104e-01 2.000000e-05*47
<TRANSP> 7
 0.000000e+00 5.664675e-01 4.335325e-01 0.000000e+00 0.000000e+00 0.000000e+00 0.000000e+00
 0.000000e+00 8.458793e-01 6.331347e-02 9.080725e-02 0.000000e+00 0.000000e+00 0.000000e+00
 0.000000e+00 0.000000e+00 8.763798e-01 1.294691e-02 1.106733e-01 0.000000e+00 0.000000e+00
 0.000000e+00 0.000000e+00 0.000000e+00 8.508707e-01 8.780396e-02 6.132530e-02 0.000000e+00
 0.000000e+00 0.000000e+00 0.000000e+00 0.000000e+00 8.512390e-01 3.564133e-02 1.131197e-01
 0.000000e+00 0.000000e+00 0.000000e+00 0.000000e+00 0.000000e+00 8.605168e-01 1.394832e-01
 0.000000e+00 0.000000e+00 0.000000e+00 0.000000e+00 0.000000e+00 0.000000e+00 0.000000e+00
<ENDHMM>
