~o
<STREAMINFO> 1 12
<VECSIZE> 12<NULLD><MFCC><DIAGC>
~h "Activity102"
<BEGINHMM>
<NUMSTATES> 7
<STATE> 2
<NUMMIXES> 60
<TMIX> "TM_1_"
 2.000000e-05*3 8.617497e-02 2.000000e-05*6 3.993303e-01 2.000000e-05 7.748817e-02 2.000000e-05*12 4.358866e-01 2.000000e-05*34
<STATE> 3
<NUMMIXES> 60
<TMIX> "TM_1_"
 2.000000e-05*3 1.698070e-02 2.000000e-05*6 1.647202e-01 2.748542e-03 2.679317e-02 2.000000e-05*4 1.046729e-03 2.000000e-05*4 6.369334e-01 2.000000e-05*2 1.367267e-01 1.301051e-02 2.000000e-05*33
<STATE> 4
<NUMMIXES> 60
<TMIX> "TM_1_"
 2.000000e-05*3 4.886170e-04 2.000000e-05 3.540722e-03 9.581559e-04 1.359547e-02 2.000000e-05 4.254697e-03 1.937227e-03 3.556072e-03 8.086106e-04 2.000000e-05 1.463624e-03 2.000000e-05*2 9.238046e-03 2.121445e-02 2.000000e-05 1.261709e-02 2.000000e-05 3.079544e-03 1.319045e-02 4.821277e-03 1.799890e-03 3.057188e-03 2.575058e-03 8.452959e-03 2.000000e-05 1.068791e-02 2.676639e-01 2.000000e-05 2.373116e-02 2.000000e-05 5.381748e-02 2.000000e-05*2 6.062111e-03 1.888393e-02 2.000000e-05 6.451143e-02 1.845347e-01 2.000000e-05*2 9.712312e-03 2.000000e-05*2 7.069774e-03 2.000000e-05 1.623290e-01 6.916315e-02 2.000000e-05 3.092800e-03 5.798690e-03 2.000000e-05*2 1.772553e-03 2.000000e-05*2
<STATE> 5
<NUMMIXES> 60
<TMIX> "TM_1_"
 2.000000e-05*3 6.635605e-03 2.000000e-05*6 6.327565e-02 2.115245e-01 2.592908e-02 2.000000e-05*4 8.020267e-03 2.000000e-05*2 2.131713e-02 2.000000e-05 4.917601e-03 2.632093e-02 2.000000e-05 6.570847e-02 2.000000e-05 3.259587e-02 2.000000e-05*2 5.232688e-01 2.000000e-05*4 9.526120e-03 2.000000e-05*24
<STATE> 6
<NUMMIXES> 60
<TMIX> "TM_1_"
 2.000000e-05*3 6.004126e-03 2.000000e-05*6 3.241296e-02 2.607954e-02 1.362134e-02 2.000000e-05*4 1.432573e-01 2.000000e-05 5.241529e-03 9.804757e-04 2.000000e-05 1.429876e-01 7.937113e-02 1.559760e-01 2.913581e-02 2.933311e-01 6.089611e-03 2.000000e-05*2 6.338939e-02 2.000000e-05*4 1.222113e-03 2.000000e-05*24
<TRANSP> 7
 0.000000e+00 7.027019e-01 2.972982e-01 0.000000e+00 0.000000e+00 0.000000e+00 0.000000e+00
 0.000000e+00 8.403664e-01 1.337020e-01 2.593158e-02 0.000000e+00 0.000000e+00 0.000000e+00
 0.000000e+00 0.000000e+00 8.423651e-01 9.429036e-02 6.334456e-02 0.000000e+00 0.000000e+00
 0.000000e+00 0.000000e+00 0.000000e+00 5.384793e-01 4.146726e-01 4.684807e-02 0.000000e+00
 0.000000e+00 0.000000e+00 0.000000e+00 0.000000e+00 6.200457e-01 2.917852e-01 8.816915e-02
 0.000000e+00 0.000000e+00 0.000000e+00 0.000000e+00 0.000000e+00 8.721036e-01 1.278964e-01
 0.000000e+00 0.000000e+00 0.000000e+00 0.000000e+00 0.000000e+00 0.000000e+00 0.000000e+00
<ENDHMM>
