~o
<STREAMINFO> 1 1
<VECSIZE> 1<NULLD><DISCRETE>
~h "Ascending"
<BEGINHMM>
<NUMSTATES> 5
<STATE> 2
<NUMMIXES> 128
<DPROB>
 32767*3 10299 9930 32767*3 7306 32767 7180 32767*2 7156
 32767 7276 32767*3 7192 32767 7271 32767*2 24911 32767*2
 10197 7271 32767*8 8846 11546 32767*2 8444 32767*5 7271
 32767 10126 7262 32767*3 10075 7319 32767*2 10706 8440
 32767*4 8442 10264 32767*5 9256 32767*5 8822 8825 10168
 32767*10 8814 32767*4 7347 32767*4 9236 32767*6 9969 10143
 9951 9921 7393 24912 32767 7480 32767*13
<STATE> 3
<NUMMIXES> 128
<DPROB>
 8191 8265 32767*4 7842 32767*11 10116 32767*3 10033 32767
 6983 9957 32767*4 12971 7822 8525 9849 32767 9834
 32767*2 7347 32767*6 8212 32767*7 11649 32767*2 9721 8719
 32767*2 5976 32767*6 9332 32767*3 8766 32767 6071 32767*3
 9933 32767*2 8174 32767*10 8209 8250 32767 8735 32767*2
 8219 8892 8832 8772 32767*7 12276 32767*3 6120 6790
 32767*14
<STATE> 4
<NUMMIXES> 128
<DPROB>
 32767*3 9377 10711 10072 32767 8422 32767 8221 32767
 9037 32767*2 8748 32767 9572 32767 11388 32767 10767
 32767 11272 10075 32767 13602 32767 9387 32767 10656
 11304 32767*3 11316 32767 10096 32767*2 10098 32767*3 11566
 9559 32767 10278 32767 9985 9270 32767 10824 9418
 11131 9233 32767*6 8822 10032 10144 32767 9406 10452
 32767*2 9533 8123 32767*3 9995 10081 10590 32767*2 9108
 32767 8870 9669 32767 9800 9554 9394 32767*4 12010
 32767 8802 32767*2 9484 32767*5 12312 9956 32767 10870
 10261 10754 10907 10711 10733 32767*4 9858 8991 9313
 9962 8932 9823 9631 11679 11294 11641 32767*3
<TRANSP> 5
 0.000000e+00 1.000000e+00 0.000000e+00 0.000000e+00 0.000000e+00
 0.000000e+00 9.997807e-01 2.192569e-04 0.000000e+00 0.000000e+00
 0.000000e+00 0.000000e+00 9.997322e-01 2.678334e-04 0.000000e+00
 0.000000e+00 0.000000e+00 0.000000e+00 9.998426e-01 1.574382e-04
 0.000000e+00 0.000000e+00 0.000000e+00 0.000000e+00 0.000000e+00
<ENDHMM>
