~o
<STREAMINFO> 1 1
<VECSIZE> 1<NULLD><DISCRETE>
~h "Descending"
<BEGINHMM>
<NUMSTATES> 5
<STATE> 2
<NUMMIXES> 128
<DPROB>
 9214 9245 32767 10795 8840 32767 10455 32767*3 10353
 32767*2 8665 32767*2 11070 32767*2 10240 32767*6 7852 10732
 32767*3 10525 9463 32767 7756 32767*8 8033 10956 9899
 32767*3 12896 8553 32767*2 7969 10583 32767*3 8134 32767
 10796 32767*4 10771 32767 9087 32767 10919 32767*3 10657
 32767*6 8330 32767 10919 32767*2 10951 32767*3 8055 32767
 10211 9212 32767*2 9393 32767 9227 32767*7 7479 25436
 8819 8447 8804 8843 9696 10579 10392 9018 11310
 11360 11087 32767 11391 32767 16930 8153 7771 8034
 32767*3
<STATE> 3
<NUMMIXES> 128
<DPROB>
 8009 8474 32767 9527 32767*3 9522 32767 6831 32767
 9075 8627 32767 9877 32767 9826 8921 8219 32767
 8322 32767 8170 32767*2 9708 32767 9581 32767 12468
 8177 32767*2 9673 32767 9542 8568 32767*5 8614 32767*6
 9413 32767 10487 8667 32767 10828 32767 9414 32767*4
 9963 32767*3 9513 32767*3 9682 8033 32767*8 9205 11016
 21597 9755 32767*2 9755 32767*5 7986 7965 32767*3 8558
 8084 32767*3 8431 9417 32767*2 24197 6675 32767*8 10027
 32767 12176 32767*10
<STATE> 4
<NUMMIXES> 128
<DPROB>
 32767*2 8865 32767*13 8918 32767 10265 32767 10161 32767
 10273 32767*2 7848 32767*4 10248 32767*2 7470 32767 7366
 32767*4 8814 32767*3 10140 32767 7960 32767*4 7134 32767*4
 7340 32767*5 9126 32767*3 7695 32767 9172 32767*3 8829
 32767*3 7070 32767*4 10339 10138 9276 8881 10621 9248
 8950 9031 32767*4 10368 32767*10 9006 24626 32767*9 8760
 8772 8769 8716 8966 8802 8826 32767*3 7807 8054
 8525
<TRANSP> 5
 0.000000e+00 1.000000e+00 0.000000e+00 0.000000e+00 0.000000e+00
 0.000000e+00 9.998239e-01 1.760620e-04 0.000000e+00 0.000000e+00
 0.000000e+00 0.000000e+00 9.997048e-01 2.951826e-04 0.000000e+00
 0.000000e+00 0.000000e+00 0.000000e+00 9.997529e-01 2.470437e-04
 0.000000e+00 0.000000e+00 0.000000e+00 0.000000e+00 0.000000e+00
<ENDHMM>
