~o <VecSize> 8 <MFCC>
~h "Activity4"
<BeginHMM>
  <NumStates> 7
  <State> 2
    <NumMixes> 3
    <Mixture> 1 0.33
      <Mean> 8
        0.0 0.0 0.0 0.0 0.0 0.0 0.0 0.0
      <Variance> 8
        1.0 1.0 1.0 1.0 1.0 1.0 1.0 1.0
    <Mixture> 2 0.33
      <Mean> 8
        0.0 0.0 0.0 0.0 0.0 0.0 0.0 0.0
      <Variance> 8
        1.0 1.0 1.0 1.0 1.0 1.0 1.0 1.0
    <Mixture> 3 0.34
      <Mean> 8
        0.0 0.0 0.0 0.0 0.0 0.0 0.0 0.0
      <Variance> 8
        1.0 1.0 1.0 1.0 1.0 1.0 1.0 1.0
  <State> 3
    <NumMixes> 3
    <Mixture> 1 0.33
      <Mean> 8
        0.0 0.0 0.0 0.0 0.0 0.0 0.0 0.0
      <Variance> 8
        1.0 1.0 1.0 1.0 1.0 1.0 1.0 1.0
    <Mixture> 2 0.33
      <Mean> 8
        0.0 0.0 0.0 0.0 0.0 0.0 0.0 0.0
      <Variance> 8
        1.0 1.0 1.0 1.0 1.0 1.0 1.0 1.0
    <Mixture> 3 0.34
      <Mean> 8
        0.0 0.0 0.0 0.0 0.0 0.0 0.0 0.0
      <Variance> 8
        1.0 1.0 1.0 1.0 1.0 1.0 1.0 1.0
  <State> 4
    <NumMixes> 3
    <Mixture> 1 0.33
      <Mean> 8
        0.0 0.0 0.0 0.0 0.0 0.0 0.0 0.0
      <Variance> 8
        1.0 1.0 1.0 1.0 1.0 1.0 1.0 1.0
    <Mixture> 2 0.33
      <Mean> 8
        0.0 0.0 0.0 0.0 0.0 0.0 0.0 0.0
      <Variance> 8
        1.0 1.0 1.0 1.0 1.0 1.0 1.0 1.0
    <Mixture> 3 0.34
      <Mean> 8
        0.0 0.0 0.0 0.0 0.0 0.0 0.0 0.0
      <Variance> 8
        1.0 1.0 1.0 1.0 1.0 1.0 1.0 1.0
  <State> 5
    <NumMixes> 3
    <Mixture> 1 0.33
      <Mean> 8
        0.0 0.0 0.0 0.0 0.0 0.0 0.0 0.0
      <Variance> 8
        1.0 1.0 1.0 1.0 1.0 1.0 1.0 1.0
    <Mixture> 2 0.33
      <Mean> 8
        0.0 0.0 0.0 0.0 0.0 0.0 0.0 0.0
      <Variance> 8
        1.0 1.0 1.0 1.0 1.0 1.0 1.0 1.0
    <Mixture> 3 0.34
      <Mean> 8
        0.0 0.0 0.0 0.0 0.0 0.0 0.0 0.0
      <Variance> 8
        1.0 1.0 1.0 1.0 1.0 1.0 1.0 1.0
  <State> 6
    <NumMixes> 3
    <Mixture> 1 0.33
      <Mean> 8
        0.0 0.0 0.0 0.0 0.0 0.0 0.0 0.0
      <Variance> 8
        1.0 1.0 1.0 1.0 1.0 1.0 1.0 1.0
    <Mixture> 2 0.33
      <Mean> 8
        0.0 0.0 0.0 0.0 0.0 0.0 0.0 0.0
      <Variance> 8
        1.0 1.0 1.0 1.0 1.0 1.0 1.0 1.0
    <Mixture> 3 0.34
      <Mean> 8
        0.0 0.0 0.0 0.0 0.0 0.0 0.0 0.0
      <Variance> 8
        1.0 1.0 1.0 1.0 1.0 1.0 1.0 1.0
  <TransP> 7
  0.0 0.5 0.5 0.0 0.0 0.0 0.0
  0.0 0.33 0.33 0.34 0.0 0.0 0.0
  0.0 0.0 0.33 0.33 0.34 0.0 0.0
  0.0 0.0 0.0 0.33 0.33 0.34 0.0
  0.0 0.0 0.0 0.0 0.33 0.33 0.34
  0.0 0.0 0.0 0.0 0.0 0.5 0.5
  0.0 0.0 0.0 0.0 0.0 0.0 0.0
<EndHMM>
