~o
<STREAMINFO> 1 1
<VECSIZE> 1<NULLD><DISCRETE>
~h "Ascending"
<BEGINHMM>
<NUMSTATES> 5
<STATE> 2
<NUMMIXES> 128
<DPROB>
 32767*3 10298 9929 32767*3 7308 32767 7179 32767*2 7155
 32767 7279 32767*3 7191 32767 7273 32767*2 24916 32767*2
 10195 7273 32767*8 8851 11545 32767*2 8443 32767*5 7273
 32767 10125 7261 32767*3 10074 7321 32767*2 10702 8439
 32767*4 8441 10263 32767*5 9254 32767*5 8821 8830 10167
 32767*10 8819 32767*4 7346 32767*4 9235 32767*6 9968 10142
 9950 9920 7392 24919 32767 7479 32767*13
<STATE> 3
<NUMMIXES> 128
<DPROB>
 8190 8264 32767*4 7848 32767*11 10112 32767*3 10029 32767
 6986 9954 32767*4 12968 7829 8524 9846 32767 9831
 32767*2 7349 32767*6 8211 32767*7 11647 32767*2 9718 8718
 32767*2 5978 32767*6 9331 32767*3 8765 32767 6074 32767*3
 9932 32767*2 8173 32767*10 8208 8249 32767 8734 32767*2
 8218 8890 8830 8772 32767*7 12275 32767*3 6121 6789
 32767*14
<STATE> 4
<NUMMIXES> 128
<DPROB>
 32767*3 9382 10715 10069 32767 8422 32767 8221 32767
 9037 32767*2 8748 32767 9571 32767 11387 32767 10766
 32767 11271 10072 32767 13601 32767 9392 32767 10653
 11304 32767*3 11314 32767 10098 32767*2 10095 32767*3 11564
 9557 32767 10273 32767 9983 9275 32767 10819 9419
 11130 9238 32767*6 8822 10027 10142 32767 9411 10447
 32767*2 9531 8123 32767*3 9992 10079 10585 32767*2 9113
 32767 8870 9668 32767 9797 9552 9393 32767*4 12014
 32767 8803 32767*2 9485 32767*5 12307 9951 32767 10868
 10260 10758 10911 10715 10736 32767*4 9857 8989 9312
 9960 8930 9821 9629 11677 11292 11639 32767*3
<TRANSP> 5
 0.000000e+00 1.000000e+00 0.000000e+00 0.000000e+00 0.000000e+00
 0.000000e+00 9.997808e-01 2.192107e-04 0.000000e+00 0.000000e+00
 0.000000e+00 0.000000e+00 9.997322e-01 2.677767e-04 0.000000e+00
 0.000000e+00 0.000000e+00 0.000000e+00 9.998425e-01 1.574590e-04
 0.000000e+00 0.000000e+00 0.000000e+00 0.000000e+00 0.000000e+00
<ENDHMM>
