912358.0 -301.0 61.0 1002.0
912391.0 -317.0 67.0 997.0
912424.0 -315.0 78.0 1026.0
912458.0 -273.0 88.0 1021.0
912491.0 -271.0 79.0 1010.0
912524.0 -315.0 70.0 988.0
912558.0 -351.0 66.0 958.0
912591.0 -359.0 52.0 950.0
912624.0 -392.0 70.0 948.0
912658.0 -364.0 72.0 938.0
912691.0 -340.0 74.0 962.0
912724.0 -319.0 59.0 977.0
912758.0 -315.0 69.0 944.0
912791.0 -320.0 52.0 949.0
912824.0 -333.0 73.0 967.0
912858.0 -336.0 50.0 965.0
912891.0 -342.0 66.0 948.0
912924.0 -356.0 74.0 974.0
912958.0 -348.0 77.0 966.0
912991.0 -310.0 1.0 939.0
913024.0 -372.0 97.0 960.0
913058.0 -341.0 57.0 952.0
913091.0 -352.0 71.0 992.0
913124.0 -329.0 70.0 1002.0
913158.0 -344.0 103.0 1002.0
913191.0 -321.0 75.0 964.0
913224.0 -331.0 60.0 969.0
913258.0 -335.0 77.0 957.0
913291.0 -337.0 91.0 959.0
913324.0 -335.0 81.0 965.0
913358.0 -334.0 84.0 969.0
913391.0 -313.0 94.0 977.0
913424.0 -333.0 101.0 972.0
913458.0 -334.0 81.0 969.0
913491.0 -331.0 79.0 961.0
913524.0 -312.0 60.0 969.0
913558.0 -301.0 69.0 970.0
913591.0 -282.0 79.0 960.0
913624.0 -287.0 67.0 984.0
913658.0 -250.0 63.0 1010.0
913691.0 -261.0 77.0 1012.0
913724.0 -233.0 54.0 1001.0
913758.0 -233.0 45.0 996.0
913791.0 -229.0 42.0 1003.0
913824.0 -235.0 49.0 988.0
913858.0 -254.0 59.0 979.0
913891.0 -285.0 72.0 976.0
913924.0 -258.0 68.0 1006.0
913958.0 -257.0 63.0 1011.0
913991.0 -247.0 56.0 1000.0
914024.0 -238.0 69.0 1016.0
914058.0 -269.0 68.0 1012.0
914091.0 -271.0 98.0 980.0
914124.0 -271.0 87.0 980.0
914158.0 -269.0 78.0 979.0
914191.0 -249.0 67.0 969.0
914224.0 -253.0 57.0 984.0
914258.0 -262.0 82.0 986.0
914291.0 -256.0 89.0 999.0
914324.0 -233.0 71.0 1001.0
914358.0 -236.0 72.0 995.0
914391.0 -237.0 60.0 1009.0
914424.0 -228.0 73.0 988.0
914458.0 -233.0 66.0 1001.0
914491.0 -229.0 78.0 1020.0
914524.0 -240.0 65.0 1011.0
914558.0 -232.0 48.0 1003.0
914591.0 -240.0 68.0 989.0
914624.0 -241.0 69.0 1020.0
914658.0 -231.0 78.0 990.0
914691.0 -231.0 60.0 1000.0
914724.0 -230.0 78.0 989.0
914758.0 -234.0 56.0 1004.0
914791.0 -240.0 61.0 1009.0
914824.0 -246.0 58.0 1008.0
914858.0 -240.0 59.0 995.0
914891.0 -219.0 61.0 1010.0
914924.0 -242.0 51.0 1013.0
914958.0 -228.0 60.0 987.0
914991.0 -224.0 71.0 1000.0
915024.0 -241.0 69.0 994.0
915058.0 -232.0 62.0 1026.0
915091.0 -231.0 50.0 1004.0
915124.0 -222.0 57.0 999.0
915158.0 -231.0 79.0 981.0
915191.0 -231.0 49.0 1001.0
915224.0 -232.0 61.0 1018.0
915258.0 -242.0 68.0 997.0
915291.0 -237.0 55.0 991.0
915324.0 -235.0 51.0 1001.0
915358.0 -252.0 59.0 999.0
915391.0 -233.0 63.0 1015.0
915424.0 -233.0 66.0 991.0
915458.0 -224.0 53.0 992.0
915491.0 -230.0 46.0 1010.0
915524.0 -247.0 62.0 986.0
915558.0 -223.0 71.0 999.0
915591.0 -229.0 68.0 997.0
915624.0 -223.0 69.0 1010.0
915658.0 -229.0 69.0 1000.0
915691.0 -241.0 69.0 1010.0
915724.0 -231.0 59.0 980.0
915758.0 -231.0 48.0 1001.0
915791.0 -232.0 52.0 997.0
915824.0 -244.0 71.0 990.0
915858.0 -251.0 68.0 1003.0
915891.0 -249.0 68.0 992.0
915924.0 -233.0 54.0 999.0
915958.0 -217.0 71.0 1000.0
915991.0 -228.0 70.0 1001.0
916024.0 -229.0 56.0 1022.0
916058.0 -239.0 61.0 989.0
916091.0 -234.0 58.0 999.0
916124.0 -230.0 59.0 991.0
916158.0 -230.0 59.0 998.0
916191.0 -240.0 68.0 1000.0
916224.0 -232.0 69.0 1010.0
916258.0 -231.0 49.0 1010.0
916291.0 -230.0 59.0 1008.0
916324.0 -222.0 59.0 1002.0
916358.0 -234.0 58.0 1002.0
916391.0 -241.0 63.0 968.0
916424.0 -222.0 64.0 999.0
916458.0 -215.0 48.0 996.0
916491.0 -240.0 64.0 1003.0
916524.0 -235.0 50.0 994.0
916558.0 -230.0 57.0 1011.0
916591.0 -231.0 56.0 990.0
916624.0 -236.0 76.0 1007.0
916657.0 -251.0 64.0 985.0
916691.0 -235.0 66.0 995.0
916724.0 -221.0 61.0 1000.0
916757.0 -230.0 49.0 1028.0
916791.0 -241.0 59.0 1010.0
916824.0 -240.0 57.0 1010.0
916857.0 -219.0 51.0 1012.0
916891.0 -224.0 54.0 1027.0
916924.0 -232.0 44.0 1003.0
916957.0 -266.0 74.0 985.0
916991.0 -271.0 67.0 1000.0
917024.0 -250.0 69.0 1000.0
917057.0 -266.0 70.0 994.0
917091.0 -244.0 62.0 1000.0
917124.0 -219.0 61.0 1031.0
917157.0 -231.0 43.0 994.0
917191.0 -221.0 46.0 1022.0
917224.0 -260.0 49.0 983.0
917257.0 -292.0 58.0 966.0
917291.0 -281.0 59.0 999.0
917324.0 -311.0 79.0 1009.0
917357.0 -287.0 56.0 970.0
917391.0 -247.0 16.0 991.0
917424.0 -231.0 16.0 977.0
917457.0 -248.0 56.0 995.0
917491.0 -280.0 39.0 979.0
917524.0 -295.0 53.0 989.0
917557.0 -330.0 66.0 972.0
917591.0 -370.0 67.0 964.0
917624.0 -408.0 82.0 938.0
917657.0 -373.0 87.0 980.0
917691.0 -409.0 106.0 936.0
917724.0 -409.0 72.0 924.0
917757.0 -401.0 77.0 946.0
917791.0 -376.0 79.0 936.0
917824.0 -353.0 70.0 978.0
917857.0 -301.0 29.0 990.0
917891.0 -324.0 61.0 990.0
917924.0 -338.0 56.0 976.0
917957.0 -336.0 49.0 976.0
917991.0 -367.0 51.0 994.0
918024.0 -374.0 80.0 948.0
918057.0 -384.0 82.0 958.0
918091.0 -375.0 67.0 974.0
918124.0 -344.0 66.0 981.0
918157.0 -332.0 52.0 981.0
918191.0 -346.0 43.0 1001.0
918224.0 -324.0 36.0 972.0
918257.0 -327.0 54.0 955.0
918291.0 -340.0 68.0 970.0
918324.0 -350.0 69.0 952.0
918357.0 -342.0 69.0 958.0
918391.0 -331.0 59.0 980.0
918424.0 -362.0 50.0 960.0
918457.0 -351.0 68.0 970.0
918491.0 -350.0 59.0 971.0
918524.0 -323.0 56.0 997.0
918557.0 -311.0 54.0 1008.0
918591.0 -328.0 89.0 991.0
918624.0 -322.0 79.0 981.0
918657.0 -309.0 64.0 1020.0
918691.0 -311.0 53.0 1018.0
918724.0 -308.0 48.0 1005.0
918757.0 -273.0 45.0 977.0
918791.0 -239.0 4.0 957.0
918824.0 -191.0 -31.0 921.0
918857.0 -161.0 -19.0 947.0
918891.0 -134.0 -30.0 977.0
918924.0 -141.0 -20.0 930.0
918957.0 -134.0 -138.0 902.0
918991.0 -135.0 13.0 1284.0
919024.0 -331.0 145.0 1146.0
919057.0 -294.0 17.0 935.0
919091.0 -291.0 21.0 898.0
919124.0 -256.0 48.0 1026.0
919157.0 -311.0 54.0 1026.0
919191.0 -262.0 33.0 995.0
919224.0 -190.0 19.0 1004.0
919257.0 -181.0 3.0 1015.0
919291.0 -189.0 2.0 983.0
919324.0 -222.0 19.0 997.0
919357.0 -231.0 -23.0 965.0
919391.0 -265.0 51.0 1024.0
919424.0 -254.0 15.0 983.0
919457.0 -241.0 29.0 1000.0
919491.0 -250.0 38.0 967.0
919524.0 -215.0 18.0 966.0
919557.0 -194.0 11.0 987.0
919591.0 -210.0 -7.0 1042.0
919624.0 -205.0 49.0 1028.0
919657.0 -265.0 20.0 1109.0
919691.0 -289.0 110.0 888.0
919724.0 -253.0 -147.0 1376.0
919757.0 -235.0 -147.0 1271.0
919791.0 -235.0 49.0 1057.0
919824.0 -287.0 -23.0 1241.0
919857.0 -257.0 -1.0 929.0
919891.0 -200.0 -48.0 807.0
919924.0 -194.0 -34.0 766.0
919957.0 -224.0 -32.0 657.0
919991.0 -122.0 10.0 987.0
920024.0 -172.0 -11.0 869.0
920057.0 -151.0 -7.0 1222.0
920091.0 -216.0 11.0 1355.0
920124.0 -264.0 25.0 1331.0
920157.0 -252.0 40.0 993.0
920191.0 -229.0 21.0 895.0
920224.0 -251.0 27.0 883.0
920257.0 -265.0 22.0 963.0
920291.0 -244.0 28.0 1031.0
920324.0 -224.0 10.0 1087.0
920357.0 -207.0 10.0 1050.0
920391.0 -204.0 30.0 1010.0
920424.0 -222.0 23.0 986.0
920457.0 -219.0 10.0 1031.0
920491.0 -240.0 20.0 1050.0
920524.0 -221.0 0.0 1001.0
920557.0 -211.0 21.0 908.0
920591.0 -201.0 19.0 897.0
920624.0 -214.0 8.0 960.0
920657.0 -218.0 17.0 1100.0
920691.0 -214.0 40.0 1117.0
920724.0 -237.0 24.0 951.0
920757.0 -222.0 16.0 997.0
920791.0 -235.0 15.0 980.0
920824.0 -255.0 40.0 1001.0
920857.0 -236.0 26.0 985.0
920891.0 -194.0 19.0 983.0
920924.0 -212.0 19.0 998.0
920957.0 -223.0 28.0 1005.0
920991.0 -221.0 22.0 1028.0
921024.0 -212.0 11.0 1003.0
921057.0 -221.0 0.0 990.0
921091.0 -221.0 21.0 1000.0
921124.0 -233.0 29.0 990.0
921157.0 -237.0 28.0 1002.0
921191.0 -222.0 19.0 1010.0
921224.0 -232.0 20.0 1008.0
921257.0 -232.0 22.0 1011.0
921291.0 -226.0 29.0 1003.0
921324.0 -223.0 11.0 1005.0
921357.0 -208.0 21.0 1003.0
921391.0 -211.0 29.0 1006.0
921424.0 -217.0 31.0 1002.0
921457.0 -214.0 20.0 1013.0
921491.0 -232.0 29.0 1015.0
921524.0 -214.0 12.0 999.0
921557.0 -210.0 19.0 1009.0
921591.0 -211.0 10.0 1010.0
921624.0 -212.0 20.0 999.0
921657.0 -220.0 20.0 990.0
921691.0 -212.0 30.0 1002.0
921724.0 -221.0 28.0 1008.0
921757.0 -207.0 28.0 997.0
921791.0 -216.0 16.0 1003.0
921824.0 -215.0 27.0 1010.0
921857.0 -195.0 20.0 1008.0
921891.0 -215.0 11.0 1014.0
921924.0 -218.0 33.0 1018.0
921957.0 -241.0 41.0 991.0
921991.0 -248.0 31.0 998.0
922024.0 -231.0 36.0 998.0
922057.0 -232.0 33.0 1010.0
922091.0 -213.0 19.0 1008.0
922124.0 -201.0 29.0 1029.0
922157.0 -201.0 11.0 991.0
922191.0 -191.0 36.0 1018.0
922224.0 -217.0 -12.0 977.0
922257.0 -224.0 17.0 1007.0
922291.0 -201.0 19.0 1005.0
922324.0 -212.0 33.0 1018.0
922357.0 -217.0 25.0 1026.0
922391.0 -234.0 39.0 1012.0
922424.0 -230.0 51.0 984.0
922457.0 -231.0 44.0 994.0
922491.0 -238.0 35.0 1021.0
922524.0 -231.0 50.0 994.0
922557.0 -195.0 32.0 963.0
922591.0 -198.0 30.0 1015.0
922624.0 -211.0 11.0 1001.0
922657.0 -201.0 28.0 1028.0
922691.0 -201.0 20.0 999.0
922724.0 -213.0 30.0 1001.0
922757.0 -231.0 30.0 996.0
922791.0 -232.0 40.0 992.0
922824.0 -225.0 39.0 998.0
922857.0 -214.0 37.0 1004.0
922891.0 -235.0 27.0 1008.0
922924.0 -226.0 30.0 1016.0
922957.0 -214.0 29.0 1011.0
922991.0 -216.0 29.0 1027.0
923024.0 -216.0 29.0 1025.0
923057.0 -209.0 28.0 996.0
923091.0 -206.0 37.0 1016.0
923124.0 -182.0 32.0 1021.0
923157.0 -198.0 19.0 1010.0
923191.0 -202.0 29.0 1010.0
923224.0 -191.0 10.0 990.0
923257.0 -202.0 20.0 980.0
923291.0 -213.0 8.0 994.0
923324.0 -219.0 14.0 1005.0
923357.0 -211.0 31.0 974.0
923391.0 -226.0 25.0 985.0
923424.0 -233.0 22.0 990.0
923457.0 -253.0 36.0 1007.0
923491.0 -284.0 67.0 1005.0
923524.0 -291.0 77.0 1021.0
923557.0 -301.0 55.0 993.0
923591.0 -329.0 40.0 972.0
923624.0 -317.0 46.0 953.0
923657.0 -315.0 49.0 958.0
923691.0 -359.0 57.0 959.0
923724.0 -362.0 87.0 989.0
923757.0 -362.0 78.0 960.0
923791.0 -339.0 72.0 985.0
923824.0 -319.0 67.0 990.0
923857.0 -313.0 31.0 955.0
923891.0 -319.0 74.0 975.0
