6 0 5 128 1 4 
1 128 1 0 2
 2.561699e+03 2.050115e-01 -5.121141e-01 1.305256e+00

1 127 2 0 3
 2.571600e+03 1.291481e-01 -1.073540e-01 8.993902e-01

1 126 3 0 4
 2.583286e+03 -1.006243e-01 -3.481515e-01 1.996510e-01

1 125 4 0 5
 1.837527e+03 -1.316183e-01 -1.697581e-02 -4.176977e-01

1 124 5 0 6
 1.841514e+03 -3.981247e-01 -5.230699e-02 -3.337631e-01

1 123 6 0 7
 1.833892e+03 -4.686830e-01 -1.597360e-01 -1.779494e-01

1 122 7 0 8
 1.919695e+03 -4.557325e-01 -4.362138e-01 3.223466e-01

1 121 8 0 9
 1.915617e+03 -4.242062e-01 -7.052335e-01 3.651724e-01

1 120 9 0 10
 1.927339e+03 -5.525307e-01 -4.054799e-01 2.291707e-03

1 119 10 0 11
 1.911646e+03 -2.334806e-01 -6.605756e-01 4.284386e-01

1 118 11 0 12
 1.931248e+03 -5.492920e-02 -9.581666e-02 2.439246e-01

1 117 12 0 13
 1.923491e+03 -3.410219e-01 -3.940937e-01 3.540399e-01

1 116 13 0 14
 1.935242e+03 -3.660355e-01 -1.899549e-01 1.436883e-01

1 115 14 0 15
 1.693949e+03 -5.969521e-01 1.056276e-01 -3.226905e-01

1 114 15 0 16
 1.704753e+03 -4.792427e-01 -9.952370e-02 -1.902938e-01

1 113 16 0 17
 1.710425e+03 -4.198245e-01 3.526860e-02 -1.805398e-01

1 112 17 0 18
 1.699067e+03 -3.786367e-01 -1.285425e-01 -1.570019e-01

1 111 18 0 19
 1.783333e+03 -6.964687e-01 -4.407037e-01 2.290971e-02

1 110 19 0 20
 1.777812e+03 -5.264087e-01 -4.895991e-01 -1.179348e-02

1 109 20 0 21
 1.788901e+03 -3.290176e-01 -2.040828e-01 5.294487e-02

1 108 21 0 22
 1.772296e+03 -5.976813e-01 -4.169342e-01 5.516709e-02

1 107 22 0 23
 1.851807e+03 -2.777469e-01 -2.382906e-02 -8.061922e-02

1 106 23 0 24
 1.846173e+03 -2.877052e-01 -7.210249e-02 -3.986468e-01

1 105 24 0 25
 2.553785e+03 1.167783e-01 -4.434370e-01 1.266031e+00

1 104 25 0 26
 2.031014e+03 -5.549725e-01 -1.731261e-01 -4.680694e-01

1 103 26 0 27
 2.038809e+03 -2.596204e-01 -3.009998e-01 5.677257e-01

1 102 27 0 28
 2.046665e+03 3.349016e-01 -2.075909e-01 7.670580e-01

1 101 28 0 29
 1.565090e+03 -6.426504e-01 -2.405988e-02 -2.560536e-01

1 100 29 0 30
 2.432715e+03 -6.850542e-01 -4.131201e-01 -1.355946e-01

1 99 30 0 31
 2.439845e+03 -1.091593e-01 2.587719e-01 -9.085659e-01

1 98 31 0 32
 1.807551e+03 -5.716525e-01 -2.019456e-01 -2.425226e-01

1 97 32 0 33
 1.872346e+03 -5.336038e-01 -3.955550e-02 -1.718567e-01

1 96 33 0 34
 1.688761e+03 -6.059887e-01 -1.904528e-01 -2.195338e-01

1 95 34 0 35
 2.447125e+03 9.486043e-01 2.771693e-01 -2.442780e+00

1 94 35 0 36
 1.899606e+03 -2.962464e-01 -1.053022e-01 5.710329e-02

1 93 36 0 37
 1.802910e+03 -5.637667e-01 -4.217117e-01 -1.855972e-01

1 92 37 0 38
 1.793557e+03 -3.649283e-01 -1.801414e-01 -1.011211e-01

1 91 38 0 39
 1.465640e+03 -8.252244e-01 -4.390706e-01 -7.286424e-01

1 90 39 0 40
 1.642230e+03 -7.769099e-01 -5.090912e-01 -3.599154e-01

1 89 40 0 41
 2.085055e+03 -3.948736e-01 -1.515008e-01 6.211403e-02

1 88 41 0 42
 2.077729e+03 7.811154e-01 -5.357099e-02 7.292349e-01

1 87 42 0 43
 1.903701e+03 -3.495072e-01 -1.068711e-01 8.653461e-02

1 86 43 0 44
 1.948165e+03 -6.160572e-01 8.039721e-03 -5.268065e-01

1 85 44 0 45
 1.907702e+03 -4.207606e-01 -3.221011e-01 3.127803e-02

1 84 45 0 46
 2.547155e+03 3.072176e-01 -5.863746e-01 1.304986e+00

1 83 46 0 47
 1.943775e+03 -5.993789e-01 -1.892755e-01 -1.188335e-01

1 82 47 0 48
 1.895501e+03 -1.370708e-01 -3.148762e-01 -2.692974e-02

1 81 48 0 49
 1.816849e+03 -3.122272e-01 -1.346262e-01 -3.532455e-01

1 80 49 0 50
 1.736496e+03 -5.629704e-01 -1.816913e-01 -2.550898e-01

1 79 50 0 51
 1.474490e+03 -7.648038e-01 -2.201947e-01 -6.953852e-01

1 78 51 0 52
 1.572502e+03 -7.818043e-01 -1.832869e-01 -5.487639e-01

1 77 52 0 53
 2.003851e+03 -3.840410e-01 3.430641e-02 -2.721721e-01

1 76 53 0 54
 2.477150e+03 -9.729232e-01 -2.998691e-01 -3.209327e-01

1 75 54 0 55
 2.469765e+03 -5.853546e-01 4.907774e-02 -2.390141e-01

1 74 55 0 56
 1.720032e+03 -4.715343e-01 -8.998603e-02 -8.091868e-02

1 73 56 0 57
 2.054465e+03 8.538957e-01 -1.655548e-01 8.806964e-01

1 72 57 0 58
 1.557682e+03 -5.043855e-01 4.061311e-02 -1.381951e-01

1 71 58 0 59
 1.862629e+03 -6.238365e-01 -5.832600e-02 -1.734183e-01

1 70 59 0 60
 1.952759e+03 -7.679374e-01 -1.817615e-01 -4.361871e-01

1 69 60 0 61
 2.540650e+03 7.404174e-01 -5.557791e-01 1.381369e+00

1 68 61 0 62
 1.630771e+03 -1.330645e-01 -9.533448e-02 -3.638542e-01

1 67 62 0 63
 2.010011e+03 -7.160523e-01 9.969532e-03 -5.002584e-01

1 66 63 0 64
 1.756422e+03 -6.556636e-01 -9.435290e-02 -2.009261e-01

1 65 64 0 65
 1.593285e+03 -9.774333e-01 -4.215622e-01 -3.963023e-01

1 64 65 0 66
 2.506050e+03 -8.145637e-01 -2.204187e-01 -3.240698e-01

1 63 66 0 67
 2.023340e+03 -6.629630e-01 1.501007e-01 -5.467850e-01

1 62 67 0 68
 1.887122e+03 -6.125613e-01 -3.879178e-01 -2.668663e-02

1 61 68 0 69
 1.715237e+03 -4.648715e-01 -2.956085e-03 -1.670646e-01

1 60 69 0 70
 1.582880e+03 -9.198194e-01 -4.082132e-01 -4.523893e-01

1 59 70 0 71
 1.658805e+03 -4.154702e-01 -5.068222e-01 2.105724e-01

1 58 71 0 72
 2.454670e+03 -6.756245e-01 -9.035400e-02 -3.343996e-01

1 57 72 0 73
 1.993280e+03 -2.435840e-01 -9.525363e-03 -6.132799e-01

1 56 73 0 74
 1.491968e+03 -3.729838e-01 2.071334e-01 -1.106390e+00

1 55 74 0 75
 1.761300e+03 -4.479609e-01 1.125109e-01 -2.693092e-01

1 54 75 0 76
 1.821616e+03 -3.178455e-01 7.212893e-03 -6.501381e-01

1 53 76 0 77
 1.879704e+03 -3.648812e-01 -3.076322e-01 -9.068961e-02

1 52 77 0 78
 1.998268e+03 -4.399278e-01 -6.629334e-02 -5.124844e-01

1 51 78 0 79
 1.665193e+03 -6.439986e-01 -4.220720e-01 -2.496900e-01

1 50 79 0 80
 1.741881e+03 -5.311709e-01 -1.327521e-01 -1.462286e-01

1 49 80 0 81
 2.462230e+03 -7.452605e-01 -1.531820e-01 -4.500532e-01

1 48 81 0 82
 1.500385e+03 -5.041050e-01 1.146844e-01 -3.782466e-01

1 47 82 0 83
 2.016205e+03 -1.208398e-01 1.985236e-01 -3.872126e-01

1 46 83 0 84
 1.614078e+03 -8.514391e-01 -3.719381e-01 -4.944282e-01

1 45 84 0 85
 1.957283e+03 -7.206331e-01 -8.726881e-02 -3.987011e-01

1 44 85 0 86
 1.830177e+03 -3.972664e-01 -1.071224e-01 -1.945843e-01

1 43 86 0 87
 2.527395e+03 1.621523e-03 2.697859e-01 -8.776430e-02

1 42 87 0 88
 1.603680e+03 -9.837635e-01 -4.345993e-01 -4.236128e-01

1 41 88 0 89
 2.062330e+03 9.161820e-01 -2.585453e-01 8.729360e-01

1 40 89 0 90
 2.484375e+03 -7.737693e-01 -1.356025e-01 -2.497751e-01

1 39 90 0 91
 1.550267e+03 -3.173738e-01 8.558497e-02 -1.932836e-01

1 38 91 0 92
 1.483280e+03 -5.612784e-01 1.017206e-01 -5.157577e-01

1 37 92 0 93
 1.876140e+03 -4.584372e-01 -2.057469e-01 1.854586e-02

1 36 93 0 94
 1.988388e+03 -3.888927e-01 -3.142933e-02 -7.654727e-01

1 35 94 0 95
 1.826109e+03 -3.841834e-01 1.090870e-01 -5.980630e-01

1 34 95 0 96
 1.983657e+03 -7.464168e-01 -1.558066e-01 -3.558415e-01

1 33 96 0 97
 1.622415e+03 -7.405694e-01 -3.371003e-01 -4.048774e-01

1 32 97 0 98
 1.730962e+03 -3.651564e-01 -1.795766e-01 1.215482e-01

1 31 98 0 99
 1.966262e+03 -7.198905e-01 -5.052800e-02 -3.514974e-01

1 30 99 0 100
 2.513130e+03 -6.989223e-01 -5.164542e-01 -2.093102e-01

1 29 100 0 101
 1.508885e+03 -5.366920e-01 1.394188e-01 -3.894075e-01

1 28 101 0 102
 1.751566e+03 -6.858295e-01 -1.881857e-01 -3.228367e-02

1 27 102 0 103
 1.650522e+03 -6.305279e-01 -4.768569e-01 -2.102693e-01

1 26 103 0 104
 1.979090e+03 -7.175589e-01 -2.087807e-01 -2.665323e-01

1 25 104 0 105
 1.542421e+03 -5.727525e-01 7.601017e-02 -4.039019e-01

1 24 105 0 106
 2.498890e+03 -5.432696e-01 1.910854e-01 -2.670941e-01

1 23 106 0 107
 1.974674e+03 -6.934350e-01 -1.407327e-01 -4.200656e-01

1 22 107 0 108
 1.517385e+03 -5.030351e-01 1.175266e-01 -3.639430e-01

1 21 108 0 109
 1.961771e+03 -6.795674e-01 1.311632e-02 -3.874868e-01

1 20 109 0 110
 1.677033e+03 -6.380818e-01 -3.257842e-01 -2.318015e-01

1 19 110 0 111
 1.970410e+03 -7.159855e-01 -1.665954e-01 -2.810392e-01

1 18 111 0 112
 2.534129e+03 1.459211e-01 -5.113034e-01 1.265044e+00

1 17 112 0 113
 1.939337e+03 -6.322210e-01 -1.041104e-01 -5.527481e-01

1 16 113 0 114
 1.525875e+03 -5.034778e-01 2.094483e-01 -3.688765e-01

1 15 114 0 115
 1.891328e+03 -4.930009e-01 -5.626498e-01 -2.984668e-03

1 14 115 0 116
 1.671129e+03 -7.114368e-01 -2.496905e-01 -3.600429e-01

1 13 116 0 117
 2.520247e+03 -7.358952e-01 -5.183680e-01 -1.027924e-01

1 12 117 0 118
 1.883115e+03 -5.859845e-01 -2.398247e-01 -3.108713e-02

1 11 118 0 119
 1.682913e+03 -6.109438e-01 -5.832474e-02 -2.927144e-01

1 10 119 0 120
 1.857142e+03 1.385632e-01 1.506975e-01 3.164593e-02

1 9 120 0 121
 1.534303e+03 3.247712e-01 5.563816e-01 -4.336983e-01

1 8 121 0 122
 1.867925e+03 -5.366166e-01 4.822756e-03 -1.313598e-01

1 7 122 0 123
 1.725484e+03 -3.601958e-01 -1.066006e-01 1.314088e-01

1 6 123 0 124
 2.491615e+03 -9.300647e-01 -3.578110e-01 -3.453504e-01

1 5 124 0 125
 1.766794e+03 -4.739041e-01 9.934259e-02 -2.114268e-01

1 4 125 0 126
 1.746714e+03 -3.647843e-01 -1.369497e-01 1.006708e-01

1 3 126 0 127
 2.070135e+03 6.407241e-01 -2.974830e-01 1.083867e+00

1 2 127 0 128
 1.812078e+03 -1.862051e-01 4.923095e-02 -4.879576e-01

1 1 128 0 0
 1.798235e+03 -6.065984e-01 -3.409139e-01 -2.659273e-01

